Experiment,System Time,Object at Room,Rooms Explored (Optimal),Traveled Distance (Optimal),Rooms Explored (Worst),Traveled Distance (Worst),Rooms Explored (Most Probable),Traveled Distance (Most Probable),Rooms Explored (Closest),Traveled Distance (Closest),Rooms Explored (Random),Traveled Distance (Random),Rooms Explored (ExpectedTimeFixed),Traveled Distance (ExpectedTimeFixed),Rooms Explored (ExpectedTimeVariable),Traveled Distance (ExpectedTimeVariable)
0,1411925348,1,5,325.036,3,231.48,5,360.45,2,90.0538,2,90.0538,5,360.45,5,346.492
1,1411925348,0,1,0,1,0,1,0,1,0,1,0,1,0,1,0
2,1411925348,4,3,167.226,5,411.961,2,114.497,3,202.066,5,322.049,2,114.497,2,114.497
3,1411925348,0,1,0,1,0,1,0,1,0,1,0,1,0,1,0
4,1411925348,2,4,210.954,2,117.397,4,246.367,4,245.794,4,278.321,4,246.367,3,158.225
5,1411925348,0,1,0,1,0,1,0,1,0,1,0,1,0,1,0
6,1411925348,0,1,0,1,0,1,0,1,0,1,0,1,0,1,0
7,1411925348,4,3,167.226,5,411.961,2,114.497,3,202.066,5,322.049,2,114.497,2,114.497
8,1411925348,0,1,0,1,0,1,0,1,0,1,0,1,0,1,0
9,1411925348,2,4,210.954,2,117.397,4,246.367,4,245.794,4,278.321,4,246.367,3,158.225
10,1411925348,4,3,167.226,5,411.961,2,114.497,3,202.066,5,322.049,2,114.497,2,114.497
11,1411925348,3,2,105.184,4,349.919,3,176.539,5,315.622,3,208.493,3,176.539,4,228.053
12,1411925348,1,5,325.036,3,231.48,5,360.45,2,90.0538,2,90.0538,5,360.45,5,346.492
13,1411925348,3,2,105.184,4,349.919,3,176.539,5,315.622,3,208.493,3,176.539,4,228.053
14,1411925348,2,4,210.954,2,117.397,4,246.367,4,245.794,4,278.321,4,246.367,3,158.225
15,1411925348,2,4,210.954,2,117.397,4,246.367,4,245.794,4,278.321,4,246.367,3,158.225
16,1411925348,4,3,167.226,5,411.961,2,114.497,3,202.066,5,322.049,2,114.497,2,114.497
17,1411925348,1,5,325.036,3,231.48,5,360.45,2,90.0538,2,90.0538,5,360.45,5,346.492
18,1411925348,4,3,167.226,5,411.961,2,114.497,3,202.066,5,322.049,2,114.497,2,114.497
19,1411925348,2,4,210.954,2,117.397,4,246.367,4,245.794,4,278.321,4,246.367,3,158.225
20,1411925348,4,3,167.226,5,411.961,2,114.497,3,202.066,5,322.049,2,114.497,2,114.497
21,1411925348,2,4,210.954,2,117.397,4,246.367,4,245.794,4,278.321,4,246.367,3,158.225
22,1411925348,4,3,167.226,5,411.961,2,114.497,3,202.066,5,322.049,2,114.497,2,114.497
23,1411925348,1,5,325.036,3,231.48,5,360.45,2,90.0538,2,90.0538,5,360.45,5,346.492
24,1411925348,2,4,210.954,2,117.397,4,246.367,4,245.794,4,278.321,4,246.367,3,158.225
25,1411925348,4,3,167.226,5,411.961,2,114.497,3,202.066,5,322.049,2,114.497,2,114.497
26,1411925348,4,3,167.226,5,411.961,2,114.497,3,202.066,5,322.049,2,114.497,2,114.497
27,1411925348,0,1,0,1,0,1,0,1,0,1,0,1,0,1,0
28,1411925348,4,3,167.226,5,411.961,2,114.497,3,202.066,5,322.049,2,114.497,2,114.497
29,1411925348,2,4,210.954,2,117.397,4,246.367,4,245.794,4,278.321,4,246.367,3,158.225
30,1411925348,0,1,0,1,0,1,0,1,0,1,0,1,0,1,0
31,1411925348,0,1,0,1,0,1,0,1,0,1,0,1,0,1,0
32,1411925348,3,2,105.184,4,349.919,3,176.539,5,315.622,3,208.493,3,176.539,4,228.053
33,1411925348,4,3,167.226,5,411.961,2,114.497,3,202.066,5,322.049,2,114.497,2,114.497
34,1411925348,2,4,210.954,2,117.397,4,246.367,4,245.794,4,278.321,4,246.367,3,158.225
35,1411925348,0,1,0,1,0,1,0,1,0,1,0,1,0,1,0
36,1411925348,0,1,0,1,0,1,0,1,0,1,0,1,0,1,0
37,1411925348,2,4,210.954,2,117.397,4,246.367,4,245.794,4,278.321,4,246.367,3,158.225
38,1411925348,0,1,0,1,0,1,0,1,0,1,0,1,0,1,0
39,1411925348,1,5,325.036,3,231.48,5,360.45,2,90.0538,2,90.0538,5,360.45,5,346.492
40,1411925348,4,3,167.226,5,411.961,2,114.497,3,202.066,5,322.049,2,114.497,2,114.497
41,1411925348,4,3,167.226,5,411.961,2,114.497,3,202.066,5,322.049,2,114.497,2,114.497
42,1411925348,4,3,167.226,5,411.961,2,114.497,3,202.066,5,322.049,2,114.497,2,114.497
43,1411925348,1,5,325.036,3,231.48,5,360.45,2,90.0538,2,90.0538,5,360.45,5,346.492
44,1411925348,2,4,210.954,2,117.397,4,246.367,4,245.794,4,278.321,4,246.367,3,158.225
45,1411925348,2,4,210.954,2,117.397,4,246.367,4,245.794,4,278.321,4,246.367,3,158.225
46,1411925348,4,3,167.226,5,411.961,2,114.497,3,202.066,5,322.049,2,114.497,2,114.497
47,1411925348,2,4,210.954,2,117.397,4,246.367,4,245.794,4,278.321,4,246.367,3,158.225
48,1411925348,3,2,105.184,4,349.919,3,176.539,5,315.622,3,208.493,3,176.539,4,228.053
49,1411925348,2,4,210.954,2,117.397,4,246.367,4,245.794,4,278.321,4,246.367,3,158.225
50,1411925348,0,1,0,1,0,1,0,1,0,1,0,1,0,1,0
51,1411925348,2,4,210.954,2,117.397,4,246.367,4,245.794,4,278.321,4,246.367,3,158.225
52,1411925348,4,3,167.226,5,411.961,2,114.497,3,202.066,5,322.049,2,114.497,2,114.497
53,1411925348,4,3,167.226,5,411.961,2,114.497,3,202.066,5,322.049,2,114.497,2,114.497
54,1411925348,3,2,105.184,4,349.919,3,176.539,5,315.622,3,208.493,3,176.539,4,228.053
55,1411925348,1,5,325.036,3,231.48,5,360.45,2,90.0538,2,90.0538,5,360.45,5,346.492
56,1411925348,3,2,105.184,4,349.919,3,176.539,5,315.622,3,208.493,3,176.539,4,228.053
57,1411925348,3,2,105.184,4,349.919,3,176.539,5,315.622,3,208.493,3,176.539,4,228.053
58,1411925348,2,4,210.954,2,117.397,4,246.367,4,245.794,4,278.321,4,246.367,3,158.225
59,1411925348,3,2,105.184,4,349.919,3,176.539,5,315.622,3,208.493,3,176.539,4,228.053
60,1411925348,0,1,0,1,0,1,0,1,0,1,0,1,0,1,0
61,1411925348,2,4,210.954,2,117.397,4,246.367,4,245.794,4,278.321,4,246.367,3,158.225
62,1411925348,4,3,167.226,5,411.961,2,114.497,3,202.066,5,322.049,2,114.497,2,114.497
63,1411925348,4,3,167.226,5,411.961,2,114.497,3,202.066,5,322.049,2,114.497,2,114.497
64,1411925348,1,5,325.036,3,231.48,5,360.45,2,90.0538,2,90.0538,5,360.45,5,346.492
65,1411925348,1,5,325.036,3,231.48,5,360.45,2,90.0538,2,90.0538,5,360.45,5,346.492
66,1411925348,4,3,167.226,5,411.961,2,114.497,3,202.066,5,322.049,2,114.497,2,114.497
67,1411925348,2,4,210.954,2,117.397,4,246.367,4,245.794,4,278.321,4,246.367,3,158.225
68,1411925348,3,2,105.184,4,349.919,3,176.539,5,315.622,3,208.493,3,176.539,4,228.053
69,1411925348,4,3,167.226,5,411.961,2,114.497,3,202.066,5,322.049,2,114.497,2,114.497
70,1411925348,3,2,105.184,4,349.919,3,176.539,5,315.622,3,208.493,3,176.539,4,228.053
71,1411925348,3,2,105.184,4,349.919,3,176.539,5,315.622,3,208.493,3,176.539,4,228.053
72,1411925348,4,3,167.226,5,411.961,2,114.497,3,202.066,5,322.049,2,114.497,2,114.497
73,1411925348,2,4,210.954,2,117.397,4,246.367,4,245.794,4,278.321,4,246.367,3,158.225
74,1411925348,4,3,167.226,5,411.961,2,114.497,3,202.066,5,322.049,2,114.497,2,114.497
75,1411925348,2,4,210.954,2,117.397,4,246.367,4,245.794,4,278.321,4,246.367,3,158.225
76,1411925348,4,3,167.226,5,411.961,2,114.497,3,202.066,5,322.049,2,114.497,2,114.497
77,1411925348,3,2,105.184,4,349.919,3,176.539,5,315.622,3,208.493,3,176.539,4,228.053
78,1411925348,4,3,167.226,5,411.961,2,114.497,3,202.066,5,322.049,2,114.497,2,114.497
79,1411925348,2,4,210.954,2,117.397,4,246.367,4,245.794,4,278.321,4,246.367,3,158.225
80,1411925348,0,1,0,1,0,1,0,1,0,1,0,1,0,1,0
81,1411925348,4,3,167.226,5,411.961,2,114.497,3,202.066,5,322.049,2,114.497,2,114.497
82,1411925348,4,3,167.226,5,411.961,2,114.497,3,202.066,5,322.049,2,114.497,2,114.497
83,1411925348,0,1,0,1,0,1,0,1,0,1,0,1,0,1,0
84,1411925348,4,3,167.226,5,411.961,2,114.497,3,202.066,5,322.049,2,114.497,2,114.497
85,1411925348,3,2,105.184,4,349.919,3,176.539,5,315.622,3,208.493,3,176.539,4,228.053
86,1411925348,2,4,210.954,2,117.397,4,246.367,4,245.794,4,278.321,4,246.367,3,158.225
87,1411925348,3,2,105.184,4,349.919,3,176.539,5,315.622,3,208.493,3,176.539,4,228.053
88,1411925348,1,5,325.036,3,231.48,5,360.45,2,90.0538,2,90.0538,5,360.45,5,346.492
89,1411925348,4,3,167.226,5,411.961,2,114.497,3,202.066,5,322.049,2,114.497,2,114.497
90,1411925348,1,5,325.036,3,231.48,5,360.45,2,90.0538,2,90.0538,5,360.45,5,346.492
91,1411925348,2,4,210.954,2,117.397,4,246.367,4,245.794,4,278.321,4,246.367,3,158.225
92,1411925348,1,5,325.036,3,231.48,5,360.45,2,90.0538,2,90.0538,5,360.45,5,346.492
93,1411925348,0,1,0,1,0,1,0,1,0,1,0,1,0,1,0
94,1411925348,1,5,325.036,3,231.48,5,360.45,2,90.0538,2,90.0538,5,360.45,5,346.492
95,1411925348,3,2,105.184,4,349.919,3,176.539,5,315.622,3,208.493,3,176.539,4,228.053
96,1411925348,2,4,210.954,2,117.397,4,246.367,4,245.794,4,278.321,4,246.367,3,158.225
97,1411925348,0,1,0,1,0,1,0,1,0,1,0,1,0,1,0
98,1411925348,4,3,167.226,5,411.961,2,114.497,3,202.066,5,322.049,2,114.497,2,114.497
99,1411925348,0,1,0,1,0,1,0,1,0,1,0,1,0,1,0
100,1411925348,0,1,0,1,0,1,0,1,0,1,0,1,0,1,0
101,1411925348,2,4,210.954,2,117.397,4,246.367,4,245.794,4,278.321,4,246.367,3,158.225
102,1411925348,4,3,167.226,5,411.961,2,114.497,3,202.066,5,322.049,2,114.497,2,114.497
103,1411925348,4,3,167.226,5,411.961,2,114.497,3,202.066,5,322.049,2,114.497,2,114.497
104,1411925348,4,3,167.226,5,411.961,2,114.497,3,202.066,5,322.049,2,114.497,2,114.497
105,1411925348,3,2,105.184,4,349.919,3,176.539,5,315.622,3,208.493,3,176.539,4,228.053
106,1411925348,2,4,210.954,2,117.397,4,246.367,4,245.794,4,278.321,4,246.367,3,158.225
107,1411925348,3,2,105.184,4,349.919,3,176.539,5,315.622,3,208.493,3,176.539,4,228.053
108,1411925348,2,4,210.954,2,117.397,4,246.367,4,245.794,4,278.321,4,246.367,3,158.225
109,1411925348,1,5,325.036,3,231.48,5,360.45,2,90.0538,2,90.0538,5,360.45,5,346.492
110,1411925348,1,5,325.036,3,231.48,5,360.45,2,90.0538,2,90.0538,5,360.45,5,346.492
111,1411925348,3,2,105.184,4,349.919,3,176.539,5,315.622,3,208.493,3,176.539,4,228.053
112,1411925348,1,5,325.036,3,231.48,5,360.45,2,90.0538,2,90.0538,5,360.45,5,346.492
113,1411925348,0,1,0,1,0,1,0,1,0,1,0,1,0,1,0
114,1411925348,3,2,105.184,4,349.919,3,176.539,5,315.622,3,208.493,3,176.539,4,228.053
115,1411925348,0,1,0,1,0,1,0,1,0,1,0,1,0,1,0
116,1411925348,4,3,167.226,5,411.961,2,114.497,3,202.066,5,322.049,2,114.497,2,114.497
117,1411925348,0,1,0,1,0,1,0,1,0,1,0,1,0,1,0
118,1411925348,3,2,105.184,4,349.919,3,176.539,5,315.622,3,208.493,3,176.539,4,228.053
119,1411925348,0,1,0,1,0,1,0,1,0,1,0,1,0,1,0
120,1411925348,4,3,167.226,5,411.961,2,114.497,3,202.066,5,322.049,2,114.497,2,114.497
121,1411925348,0,1,0,1,0,1,0,1,0,1,0,1,0,1,0
122,1411925348,2,4,210.954,2,117.397,4,246.367,4,245.794,4,278.321,4,246.367,3,158.225
123,1411925348,0,1,0,1,0,1,0,1,0,1,0,1,0,1,0
124,1411925348,1,5,325.036,3,231.48,5,360.45,2,90.0538,2,90.0538,5,360.45,5,346.492
125,1411925348,4,3,167.226,5,411.961,2,114.497,3,202.066,5,322.049,2,114.497,2,114.497
126,1411925348,3,2,105.184,4,349.919,3,176.539,5,315.622,3,208.493,3,176.539,4,228.053
127,1411925348,3,2,105.184,4,349.919,3,176.539,5,315.622,3,208.493,3,176.539,4,228.053
128,1411925348,4,3,167.226,5,411.961,2,114.497,3,202.066,5,322.049,2,114.497,2,114.497
129,1411925348,3,2,105.184,4,349.919,3,176.539,5,315.622,3,208.493,3,176.539,4,228.053
130,1411925348,4,3,167.226,5,411.961,2,114.497,3,202.066,5,322.049,2,114.497,2,114.497
131,1411925348,0,1,0,1,0,1,0,1,0,1,0,1,0,1,0
132,1411925348,0,1,0,1,0,1,0,1,0,1,0,1,0,1,0
133,1411925348,2,4,210.954,2,117.397,4,246.367,4,245.794,4,278.321,4,246.367,3,158.225
134,1411925348,0,1,0,1,0,1,0,1,0,1,0,1,0,1,0
135,1411925348,0,1,0,1,0,1,0,1,0,1,0,1,0,1,0
136,1411925348,0,1,0,1,0,1,0,1,0,1,0,1,0,1,0
137,1411925348,2,4,210.954,2,117.397,4,246.367,4,245.794,4,278.321,4,246.367,3,158.225
138,1411925348,4,3,167.226,5,411.961,2,114.497,3,202.066,5,322.049,2,114.497,2,114.497
139,1411925348,3,2,105.184,4,349.919,3,176.539,5,315.622,3,208.493,3,176.539,4,228.053
140,1411925348,4,3,167.226,5,411.961,2,114.497,3,202.066,5,322.049,2,114.497,2,114.497
141,1411925348,0,1,0,1,0,1,0,1,0,1,0,1,0,1,0
142,1411925348,0,1,0,1,0,1,0,1,0,1,0,1,0,1,0
143,1411925348,4,3,167.226,5,411.961,2,114.497,3,202.066,5,322.049,2,114.497,2,114.497
144,1411925348,0,1,0,1,0,1,0,1,0,1,0,1,0,1,0
145,1411925348,4,3,167.226,5,411.961,2,114.497,3,202.066,5,322.049,2,114.497,2,114.497
146,1411925348,0,1,0,1,0,1,0,1,0,1,0,1,0,1,0
147,1411925348,4,3,167.226,5,411.961,2,114.497,3,202.066,5,322.049,2,114.497,2,114.497
148,1411925348,0,1,0,1,0,1,0,1,0,1,0,1,0,1,0
149,1411925348,4,3,167.226,5,411.961,2,114.497,3,202.066,5,322.049,2,114.497,2,114.497
150,1411925348,0,1,0,1,0,1,0,1,0,1,0,1,0,1,0
151,1411925348,0,1,0,1,0,1,0,1,0,1,0,1,0,1,0
152,1411925348,4,3,167.226,5,411.961,2,114.497,3,202.066,5,322.049,2,114.497,2,114.497
153,1411925348,3,2,105.184,4,349.919,3,176.539,5,315.622,3,208.493,3,176.539,4,228.053
154,1411925348,0,1,0,1,0,1,0,1,0,1,0,1,0,1,0
155,1411925348,0,1,0,1,0,1,0,1,0,1,0,1,0,1,0
156,1411925348,2,4,210.954,2,117.397,4,246.367,4,245.794,4,278.321,4,246.367,3,158.225
157,1411925348,4,3,167.226,5,411.961,2,114.497,3,202.066,5,322.049,2,114.497,2,114.497
158,1411925348,4,3,167.226,5,411.961,2,114.497,3,202.066,5,322.049,2,114.497,2,114.497
159,1411925348,2,4,210.954,2,117.397,4,246.367,4,245.794,4,278.321,4,246.367,3,158.225
160,1411925348,3,2,105.184,4,349.919,3,176.539,5,315.622,3,208.493,3,176.539,4,228.053
161,1411925348,3,2,105.184,4,349.919,3,176.539,5,315.622,3,208.493,3,176.539,4,228.053
162,1411925348,2,4,210.954,2,117.397,4,246.367,4,245.794,4,278.321,4,246.367,3,158.225
163,1411925348,3,2,105.184,4,349.919,3,176.539,5,315.622,3,208.493,3,176.539,4,228.053
164,1411925348,0,1,0,1,0,1,0,1,0,1,0,1,0,1,0
165,1411925348,2,4,210.954,2,117.397,4,246.367,4,245.794,4,278.321,4,246.367,3,158.225
166,1411925348,4,3,167.226,5,411.961,2,114.497,3,202.066,5,322.049,2,114.497,2,114.497
167,1411925348,1,5,325.036,3,231.48,5,360.45,2,90.0538,2,90.0538,5,360.45,5,346.492
168,1411925348,4,3,167.226,5,411.961,2,114.497,3,202.066,5,322.049,2,114.497,2,114.497
169,1411925348,3,2,105.184,4,349.919,3,176.539,5,315.622,3,208.493,3,176.539,4,228.053
170,1411925348,4,3,167.226,5,411.961,2,114.497,3,202.066,5,322.049,2,114.497,2,114.497
171,1411925348,3,2,105.184,4,349.919,3,176.539,5,315.622,3,208.493,3,176.539,4,228.053
172,1411925348,3,2,105.184,4,349.919,3,176.539,5,315.622,3,208.493,3,176.539,4,228.053
173,1411925348,0,1,0,1,0,1,0,1,0,1,0,1,0,1,0
174,1411925348,3,2,105.184,4,349.919,3,176.539,5,315.622,3,208.493,3,176.539,4,228.053
175,1411925348,4,3,167.226,5,411.961,2,114.497,3,202.066,5,322.049,2,114.497,2,114.497
176,1411925348,4,3,167.226,5,411.961,2,114.497,3,202.066,5,322.049,2,114.497,2,114.497
177,1411925348,4,3,167.226,5,411.961,2,114.497,3,202.066,5,322.049,2,114.497,2,114.497
178,1411925348,4,3,167.226,5,411.961,2,114.497,3,202.066,5,322.049,2,114.497,2,114.497
179,1411925348,4,3,167.226,5,411.961,2,114.497,3,202.066,5,322.049,2,114.497,2,114.497
180,1411925348,3,2,105.184,4,349.919,3,176.539,5,315.622,3,208.493,3,176.539,4,228.053
181,1411925348,4,3,167.226,5,411.961,2,114.497,3,202.066,5,322.049,2,114.497,2,114.497
182,1411925348,4,3,167.226,5,411.961,2,114.497,3,202.066,5,322.049,2,114.497,2,114.497
183,1411925348,3,2,105.184,4,349.919,3,176.539,5,315.622,3,208.493,3,176.539,4,228.053
184,1411925348,2,4,210.954,2,117.397,4,246.367,4,245.794,4,278.321,4,246.367,3,158.225
185,1411925348,0,1,0,1,0,1,0,1,0,1,0,1,0,1,0
186,1411925348,4,3,167.226,5,411.961,2,114.497,3,202.066,5,322.049,2,114.497,2,114.497
187,1411925348,4,3,167.226,5,411.961,2,114.497,3,202.066,5,322.049,2,114.497,2,114.497
188,1411925348,0,1,0,1,0,1,0,1,0,1,0,1,0,1,0
189,1411925348,3,2,105.184,4,349.919,3,176.539,5,315.622,3,208.493,3,176.539,4,228.053
190,1411925348,1,5,325.036,3,231.48,5,360.45,2,90.0538,2,90.0538,5,360.45,5,346.492
191,1411925348,3,2,105.184,4,349.919,3,176.539,5,315.622,3,208.493,3,176.539,4,228.053
192,1411925348,1,5,325.036,3,231.48,5,360.45,2,90.0538,2,90.0538,5,360.45,5,346.492
193,1411925348,3,2,105.184,4,349.919,3,176.539,5,315.622,3,208.493,3,176.539,4,228.053
194,1411925348,1,5,325.036,3,231.48,5,360.45,2,90.0538,2,90.0538,5,360.45,5,346.492
195,1411925348,1,5,325.036,3,231.48,5,360.45,2,90.0538,2,90.0538,5,360.45,5,346.492
196,1411925348,1,5,325.036,3,231.48,5,360.45,2,90.0538,2,90.0538,5,360.45,5,346.492
197,1411925348,0,1,0,1,0,1,0,1,0,1,0,1,0,1,0
198,1411925348,3,2,105.184,4,349.919,3,176.539,5,315.622,3,208.493,3,176.539,4,228.053
199,1411925348,0,1,0,1,0,1,0,1,0,1,0,1,0,1,0
200,1411925348,3,2,105.184,4,349.919,3,176.539,5,315.622,3,208.493,3,176.539,4,228.053
201,1411925348,2,4,210.954,2,117.397,4,246.367,4,245.794,4,278.321,4,246.367,3,158.225
202,1411925348,4,3,167.226,5,411.961,2,114.497,3,202.066,5,322.049,2,114.497,2,114.497
203,1411925348,1,5,325.036,3,231.48,5,360.45,2,90.0538,2,90.0538,5,360.45,5,346.492
204,1411925348,3,2,105.184,4,349.919,3,176.539,5,315.622,3,208.493,3,176.539,4,228.053
205,1411925348,3,2,105.184,4,349.919,3,176.539,5,315.622,3,208.493,3,176.539,4,228.053
206,1411925348,0,1,0,1,0,1,0,1,0,1,0,1,0,1,0
207,1411925348,2,4,210.954,2,117.397,4,246.367,4,245.794,4,278.321,4,246.367,3,158.225
208,1411925348,3,2,105.184,4,349.919,3,176.539,5,315.622,3,208.493,3,176.539,4,228.053
209,1411925348,4,3,167.226,5,411.961,2,114.497,3,202.066,5,322.049,2,114.497,2,114.497
210,1411925348,2,4,210.954,2,117.397,4,246.367,4,245.794,4,278.321,4,246.367,3,158.225
211,1411925348,2,4,210.954,2,117.397,4,246.367,4,245.794,4,278.321,4,246.367,3,158.225
212,1411925348,4,3,167.226,5,411.961,2,114.497,3,202.066,5,322.049,2,114.497,2,114.497
213,1411925348,2,4,210.954,2,117.397,4,246.367,4,245.794,4,278.321,4,246.367,3,158.225
214,1411925348,0,1,0,1,0,1,0,1,0,1,0,1,0,1,0
215,1411925348,2,4,210.954,2,117.397,4,246.367,4,245.794,4,278.321,4,246.367,3,158.225
216,1411925348,3,2,105.184,4,349.919,3,176.539,5,315.622,3,208.493,3,176.539,4,228.053
217,1411925348,4,3,167.226,5,411.961,2,114.497,3,202.066,5,322.049,2,114.497,2,114.497
218,1411925348,1,5,325.036,3,231.48,5,360.45,2,90.0538,2,90.0538,5,360.45,5,346.492
219,1411925348,3,2,105.184,4,349.919,3,176.539,5,315.622,3,208.493,3,176.539,4,228.053
220,1411925348,2,4,210.954,2,117.397,4,246.367,4,245.794,4,278.321,4,246.367,3,158.225
221,1411925348,2,4,210.954,2,117.397,4,246.367,4,245.794,4,278.321,4,246.367,3,158.225
222,1411925348,1,5,325.036,3,231.48,5,360.45,2,90.0538,2,90.0538,5,360.45,5,346.492
223,1411925348,3,2,105.184,4,349.919,3,176.539,5,315.622,3,208.493,3,176.539,4,228.053
224,1411925348,0,1,0,1,0,1,0,1,0,1,0,1,0,1,0
225,1411925348,3,2,105.184,4,349.919,3,176.539,5,315.622,3,208.493,3,176.539,4,228.053
226,1411925348,0,1,0,1,0,1,0,1,0,1,0,1,0,1,0
227,1411925348,2,4,210.954,2,117.397,4,246.367,4,245.794,4,278.321,4,246.367,3,158.225
228,1411925348,3,2,105.184,4,349.919,3,176.539,5,315.622,3,208.493,3,176.539,4,228.053
229,1411925348,3,2,105.184,4,349.919,3,176.539,5,315.622,3,208.493,3,176.539,4,228.053
230,1411925348,3,2,105.184,4,349.919,3,176.539,5,315.622,3,208.493,3,176.539,4,228.053
231,1411925348,2,4,210.954,2,117.397,4,246.367,4,245.794,4,278.321,4,246.367,3,158.225
232,1411925348,0,1,0,1,0,1,0,1,0,1,0,1,0,1,0
233,1411925348,3,2,105.184,4,349.919,3,176.539,5,315.622,3,208.493,3,176.539,4,228.053
234,1411925348,3,2,105.184,4,349.919,3,176.539,5,315.622,3,208.493,3,176.539,4,228.053
235,1411925348,3,2,105.184,4,349.919,3,176.539,5,315.622,3,208.493,3,176.539,4,228.053
236,1411925348,1,5,325.036,3,231.48,5,360.45,2,90.0538,2,90.0538,5,360.45,5,346.492
237,1411925348,3,2,105.184,4,349.919,3,176.539,5,315.622,3,208.493,3,176.539,4,228.053
238,1411925348,0,1,0,1,0,1,0,1,0,1,0,1,0,1,0
239,1411925348,4,3,167.226,5,411.961,2,114.497,3,202.066,5,322.049,2,114.497,2,114.497
240,1411925348,3,2,105.184,4,349.919,3,176.539,5,315.622,3,208.493,3,176.539,4,228.053
241,1411925348,3,2,105.184,4,349.919,3,176.539,5,315.622,3,208.493,3,176.539,4,228.053
242,1411925348,1,5,325.036,3,231.48,5,360.45,2,90.0538,2,90.0538,5,360.45,5,346.492
243,1411925348,2,4,210.954,2,117.397,4,246.367,4,245.794,4,278.321,4,246.367,3,158.225
244,1411925348,0,1,0,1,0,1,0,1,0,1,0,1,0,1,0
245,1411925348,1,5,325.036,3,231.48,5,360.45,2,90.0538,2,90.0538,5,360.45,5,346.492
246,1411925348,4,3,167.226,5,411.961,2,114.497,3,202.066,5,322.049,2,114.497,2,114.497
247,1411925348,3,2,105.184,4,349.919,3,176.539,5,315.622,3,208.493,3,176.539,4,228.053
248,1411925348,0,1,0,1,0,1,0,1,0,1,0,1,0,1,0
249,1411925348,0,1,0,1,0,1,0,1,0,1,0,1,0,1,0
250,1411925348,2,4,210.954,2,117.397,4,246.367,4,245.794,4,278.321,4,246.367,3,158.225
251,1411925348,3,2,105.184,4,349.919,3,176.539,5,315.622,3,208.493,3,176.539,4,228.053
252,1411925348,3,2,105.184,4,349.919,3,176.539,5,315.622,3,208.493,3,176.539,4,228.053
253,1411925348,3,2,105.184,4,349.919,3,176.539,5,315.622,3,208.493,3,176.539,4,228.053
254,1411925348,1,5,325.036,3,231.48,5,360.45,2,90.0538,2,90.0538,5,360.45,5,346.492
255,1411925348,4,3,167.226,5,411.961,2,114.497,3,202.066,5,322.049,2,114.497,2,114.497
256,1411925348,1,5,325.036,3,231.48,5,360.45,2,90.0538,2,90.0538,5,360.45,5,346.492
257,1411925348,1,5,325.036,3,231.48,5,360.45,2,90.0538,2,90.0538,5,360.45,5,346.492
258,1411925348,0,1,0,1,0,1,0,1,0,1,0,1,0,1,0
259,1411925348,4,3,167.226,5,411.961,2,114.497,3,202.066,5,322.049,2,114.497,2,114.497
260,1411925348,0,1,0,1,0,1,0,1,0,1,0,1,0,1,0
261,1411925348,4,3,167.226,5,411.961,2,114.497,3,202.066,5,322.049,2,114.497,2,114.497
262,1411925348,2,4,210.954,2,117.397,4,246.367,4,245.794,4,278.321,4,246.367,3,158.225
263,1411925348,0,1,0,1,0,1,0,1,0,1,0,1,0,1,0
264,1411925348,2,4,210.954,2,117.397,4,246.367,4,245.794,4,278.321,4,246.367,3,158.225
265,1411925348,4,3,167.226,5,411.961,2,114.497,3,202.066,5,322.049,2,114.497,2,114.497
266,1411925348,4,3,167.226,5,411.961,2,114.497,3,202.066,5,322.049,2,114.497,2,114.497
267,1411925348,4,3,167.226,5,411.961,2,114.497,3,202.066,5,322.049,2,114.497,2,114.497
268,1411925348,3,2,105.184,4,349.919,3,176.539,5,315.622,3,208.493,3,176.539,4,228.053
269,1411925348,0,1,0,1,0,1,0,1,0,1,0,1,0,1,0
270,1411925348,3,2,105.184,4,349.919,3,176.539,5,315.622,3,208.493,3,176.539,4,228.053
271,1411925348,2,4,210.954,2,117.397,4,246.367,4,245.794,4,278.321,4,246.367,3,158.225
272,1411925348,4,3,167.226,5,411.961,2,114.497,3,202.066,5,322.049,2,114.497,2,114.497
273,1411925348,4,3,167.226,5,411.961,2,114.497,3,202.066,5,322.049,2,114.497,2,114.497
274,1411925348,4,3,167.226,5,411.961,2,114.497,3,202.066,5,322.049,2,114.497,2,114.497
275,1411925348,4,3,167.226,5,411.961,2,114.497,3,202.066,5,322.049,2,114.497,2,114.497
276,1411925348,0,1,0,1,0,1,0,1,0,1,0,1,0,1,0
277,1411925348,4,3,167.226,5,411.961,2,114.497,3,202.066,5,322.049,2,114.497,2,114.497
278,1411925348,3,2,105.184,4,349.919,3,176.539,5,315.622,3,208.493,3,176.539,4,228.053
279,1411925348,1,5,325.036,3,231.48,5,360.45,2,90.0538,2,90.0538,5,360.45,5,346.492
280,1411925348,4,3,167.226,5,411.961,2,114.497,3,202.066,5,322.049,2,114.497,2,114.497
281,1411925348,4,3,167.226,5,411.961,2,114.497,3,202.066,5,322.049,2,114.497,2,114.497
282,1411925348,4,3,167.226,5,411.961,2,114.497,3,202.066,5,322.049,2,114.497,2,114.497
283,1411925348,2,4,210.954,2,117.397,4,246.367,4,245.794,4,278.321,4,246.367,3,158.225
284,1411925348,3,2,105.184,4,349.919,3,176.539,5,315.622,3,208.493,3,176.539,4,228.053
285,1411925348,0,1,0,1,0,1,0,1,0,1,0,1,0,1,0
286,1411925348,1,5,325.036,3,231.48,5,360.45,2,90.0538,2,90.0538,5,360.45,5,346.492
287,1411925348,4,3,167.226,5,411.961,2,114.497,3,202.066,5,322.049,2,114.497,2,114.497
288,1411925348,2,4,210.954,2,117.397,4,246.367,4,245.794,4,278.321,4,246.367,3,158.225
289,1411925348,2,4,210.954,2,117.397,4,246.367,4,245.794,4,278.321,4,246.367,3,158.225
290,1411925348,4,3,167.226,5,411.961,2,114.497,3,202.066,5,322.049,2,114.497,2,114.497
291,1411925348,2,4,210.954,2,117.397,4,246.367,4,245.794,4,278.321,4,246.367,3,158.225
292,1411925348,1,5,325.036,3,231.48,5,360.45,2,90.0538,2,90.0538,5,360.45,5,346.492
293,1411925348,0,1,0,1,0,1,0,1,0,1,0,1,0,1,0
294,1411925348,3,2,105.184,4,349.919,3,176.539,5,315.622,3,208.493,3,176.539,4,228.053
295,1411925348,3,2,105.184,4,349.919,3,176.539,5,315.622,3,208.493,3,176.539,4,228.053
296,1411925348,0,1,0,1,0,1,0,1,0,1,0,1,0,1,0
297,1411925348,3,2,105.184,4,349.919,3,176.539,5,315.622,3,208.493,3,176.539,4,228.053
298,1411925348,2,4,210.954,2,117.397,4,246.367,4,245.794,4,278.321,4,246.367,3,158.225
299,1411925348,4,3,167.226,5,411.961,2,114.497,3,202.066,5,322.049,2,114.497,2,114.497
300,1411925348,3,2,105.184,4,349.919,3,176.539,5,315.622,3,208.493,3,176.539,4,228.053
301,1411925348,0,1,0,1,0,1,0,1,0,1,0,1,0,1,0
302,1411925348,0,1,0,1,0,1,0,1,0,1,0,1,0,1,0
303,1411925348,2,4,210.954,2,117.397,4,246.367,4,245.794,4,278.321,4,246.367,3,158.225
304,1411925348,0,1,0,1,0,1,0,1,0,1,0,1,0,1,0
305,1411925348,0,1,0,1,0,1,0,1,0,1,0,1,0,1,0
306,1411925348,2,4,210.954,2,117.397,4,246.367,4,245.794,4,278.321,4,246.367,3,158.225
307,1411925348,1,5,325.036,3,231.48,5,360.45,2,90.0538,2,90.0538,5,360.45,5,346.492
308,1411925348,4,3,167.226,5,411.961,2,114.497,3,202.066,5,322.049,2,114.497,2,114.497
309,1411925348,4,3,167.226,5,411.961,2,114.497,3,202.066,5,322.049,2,114.497,2,114.497
310,1411925348,3,2,105.184,4,349.919,3,176.539,5,315.622,3,208.493,3,176.539,4,228.053
311,1411925348,4,3,167.226,5,411.961,2,114.497,3,202.066,5,322.049,2,114.497,2,114.497
312,1411925348,4,3,167.226,5,411.961,2,114.497,3,202.066,5,322.049,2,114.497,2,114.497
313,1411925348,2,4,210.954,2,117.397,4,246.367,4,245.794,4,278.321,4,246.367,3,158.225
314,1411925348,2,4,210.954,2,117.397,4,246.367,4,245.794,4,278.321,4,246.367,3,158.225
315,1411925348,2,4,210.954,2,117.397,4,246.367,4,245.794,4,278.321,4,246.367,3,158.225
316,1411925348,3,2,105.184,4,349.919,3,176.539,5,315.622,3,208.493,3,176.539,4,228.053
317,1411925348,3,2,105.184,4,349.919,3,176.539,5,315.622,3,208.493,3,176.539,4,228.053
318,1411925348,1,5,325.036,3,231.48,5,360.45,2,90.0538,2,90.0538,5,360.45,5,346.492
319,1411925348,0,1,0,1,0,1,0,1,0,1,0,1,0,1,0
320,1411925348,0,1,0,1,0,1,0,1,0,1,0,1,0,1,0
321,1411925348,0,1,0,1,0,1,0,1,0,1,0,1,0,1,0
322,1411925348,3,2,105.184,4,349.919,3,176.539,5,315.622,3,208.493,3,176.539,4,228.053
323,1411925348,2,4,210.954,2,117.397,4,246.367,4,245.794,4,278.321,4,246.367,3,158.225
324,1411925348,1,5,325.036,3,231.48,5,360.45,2,90.0538,2,90.0538,5,360.45,5,346.492
325,1411925348,2,4,210.954,2,117.397,4,246.367,4,245.794,4,278.321,4,246.367,3,158.225
326,1411925348,0,1,0,1,0,1,0,1,0,1,0,1,0,1,0
327,1411925348,2,4,210.954,2,117.397,4,246.367,4,245.794,4,278.321,4,246.367,3,158.225
328,1411925348,4,3,167.226,5,411.961,2,114.497,3,202.066,5,322.049,2,114.497,2,114.497
329,1411925348,3,2,105.184,4,349.919,3,176.539,5,315.622,3,208.493,3,176.539,4,228.053
330,1411925348,1,5,325.036,3,231.48,5,360.45,2,90.0538,2,90.0538,5,360.45,5,346.492
331,1411925348,3,2,105.184,4,349.919,3,176.539,5,315.622,3,208.493,3,176.539,4,228.053
332,1411925348,4,3,167.226,5,411.961,2,114.497,3,202.066,5,322.049,2,114.497,2,114.497
333,1411925348,2,4,210.954,2,117.397,4,246.367,4,245.794,4,278.321,4,246.367,3,158.225
334,1411925348,0,1,0,1,0,1,0,1,0,1,0,1,0,1,0
335,1411925348,4,3,167.226,5,411.961,2,114.497,3,202.066,5,322.049,2,114.497,2,114.497
336,1411925348,3,2,105.184,4,349.919,3,176.539,5,315.622,3,208.493,3,176.539,4,228.053
337,1411925348,2,4,210.954,2,117.397,4,246.367,4,245.794,4,278.321,4,246.367,3,158.225
338,1411925348,0,1,0,1,0,1,0,1,0,1,0,1,0,1,0
339,1411925348,3,2,105.184,4,349.919,3,176.539,5,315.622,3,208.493,3,176.539,4,228.053
340,1411925348,2,4,210.954,2,117.397,4,246.367,4,245.794,4,278.321,4,246.367,3,158.225
341,1411925348,4,3,167.226,5,411.961,2,114.497,3,202.066,5,322.049,2,114.497,2,114.497
342,1411925348,2,4,210.954,2,117.397,4,246.367,4,245.794,4,278.321,4,246.367,3,158.225
343,1411925348,1,5,325.036,3,231.48,5,360.45,2,90.0538,2,90.0538,5,360.45,5,346.492
344,1411925348,1,5,325.036,3,231.48,5,360.45,2,90.0538,2,90.0538,5,360.45,5,346.492
345,1411925348,3,2,105.184,4,349.919,3,176.539,5,315.622,3,208.493,3,176.539,4,228.053
346,1411925348,3,2,105.184,4,349.919,3,176.539,5,315.622,3,208.493,3,176.539,4,228.053
347,1411925348,4,3,167.226,5,411.961,2,114.497,3,202.066,5,322.049,2,114.497,2,114.497
348,1411925348,2,4,210.954,2,117.397,4,246.367,4,245.794,4,278.321,4,246.367,3,158.225
349,1411925348,4,3,167.226,5,411.961,2,114.497,3,202.066,5,322.049,2,114.497,2,114.497
350,1411925348,0,1,0,1,0,1,0,1,0,1,0,1,0,1,0
351,1411925348,2,4,210.954,2,117.397,4,246.367,4,245.794,4,278.321,4,246.367,3,158.225
352,1411925348,0,1,0,1,0,1,0,1,0,1,0,1,0,1,0
353,1411925348,4,3,167.226,5,411.961,2,114.497,3,202.066,5,322.049,2,114.497,2,114.497
354,1411925348,4,3,167.226,5,411.961,2,114.497,3,202.066,5,322.049,2,114.497,2,114.497
355,1411925348,1,5,325.036,3,231.48,5,360.45,2,90.0538,2,90.0538,5,360.45,5,346.492
356,1411925348,0,1,0,1,0,1,0,1,0,1,0,1,0,1,0
357,1411925348,4,3,167.226,5,411.961,2,114.497,3,202.066,5,322.049,2,114.497,2,114.497
358,1411925348,3,2,105.184,4,349.919,3,176.539,5,315.622,3,208.493,3,176.539,4,228.053
359,1411925348,0,1,0,1,0,1,0,1,0,1,0,1,0,1,0
360,1411925348,2,4,210.954,2,117.397,4,246.367,4,245.794,4,278.321,4,246.367,3,158.225
361,1411925348,4,3,167.226,5,411.961,2,114.497,3,202.066,5,322.049,2,114.497,2,114.497
362,1411925348,3,2,105.184,4,349.919,3,176.539,5,315.622,3,208.493,3,176.539,4,228.053
363,1411925348,0,1,0,1,0,1,0,1,0,1,0,1,0,1,0
364,1411925348,2,4,210.954,2,117.397,4,246.367,4,245.794,4,278.321,4,246.367,3,158.225
365,1411925348,4,3,167.226,5,411.961,2,114.497,3,202.066,5,322.049,2,114.497,2,114.497
366,1411925348,0,1,0,1,0,1,0,1,0,1,0,1,0,1,0
367,1411925348,0,1,0,1,0,1,0,1,0,1,0,1,0,1,0
368,1411925348,2,4,210.954,2,117.397,4,246.367,4,245.794,4,278.321,4,246.367,3,158.225
369,1411925348,1,5,325.036,3,231.48,5,360.45,2,90.0538,2,90.0538,5,360.45,5,346.492
370,1411925348,3,2,105.184,4,349.919,3,176.539,5,315.622,3,208.493,3,176.539,4,228.053
371,1411925348,4,3,167.226,5,411.961,2,114.497,3,202.066,5,322.049,2,114.497,2,114.497
372,1411925348,0,1,0,1,0,1,0,1,0,1,0,1,0,1,0
373,1411925348,0,1,0,1,0,1,0,1,0,1,0,1,0,1,0
374,1411925348,0,1,0,1,0,1,0,1,0,1,0,1,0,1,0
375,1411925348,2,4,210.954,2,117.397,4,246.367,4,245.794,4,278.321,4,246.367,3,158.225
376,1411925348,4,3,167.226,5,411.961,2,114.497,3,202.066,5,322.049,2,114.497,2,114.497
377,1411925348,3,2,105.184,4,349.919,3,176.539,5,315.622,3,208.493,3,176.539,4,228.053
378,1411925348,2,4,210.954,2,117.397,4,246.367,4,245.794,4,278.321,4,246.367,3,158.225
379,1411925348,0,1,0,1,0,1,0,1,0,1,0,1,0,1,0
380,1411925348,3,2,105.184,4,349.919,3,176.539,5,315.622,3,208.493,3,176.539,4,228.053
381,1411925348,3,2,105.184,4,349.919,3,176.539,5,315.622,3,208.493,3,176.539,4,228.053
382,1411925348,2,4,210.954,2,117.397,4,246.367,4,245.794,4,278.321,4,246.367,3,158.225
383,1411925348,3,2,105.184,4,349.919,3,176.539,5,315.622,3,208.493,3,176.539,4,228.053
384,1411925348,2,4,210.954,2,117.397,4,246.367,4,245.794,4,278.321,4,246.367,3,158.225
385,1411925348,1,5,325.036,3,231.48,5,360.45,2,90.0538,2,90.0538,5,360.45,5,346.492
386,1411925348,4,3,167.226,5,411.961,2,114.497,3,202.066,5,322.049,2,114.497,2,114.497
387,1411925348,2,4,210.954,2,117.397,4,246.367,4,245.794,4,278.321,4,246.367,3,158.225
388,1411925348,0,1,0,1,0,1,0,1,0,1,0,1,0,1,0
389,1411925348,3,2,105.184,4,349.919,3,176.539,5,315.622,3,208.493,3,176.539,4,228.053
390,1411925348,2,4,210.954,2,117.397,4,246.367,4,245.794,4,278.321,4,246.367,3,158.225
391,1411925348,3,2,105.184,4,349.919,3,176.539,5,315.622,3,208.493,3,176.539,4,228.053
392,1411925348,3,2,105.184,4,349.919,3,176.539,5,315.622,3,208.493,3,176.539,4,228.053
393,1411925348,1,5,325.036,3,231.48,5,360.45,2,90.0538,2,90.0538,5,360.45,5,346.492
394,1411925348,4,3,167.226,5,411.961,2,114.497,3,202.066,5,322.049,2,114.497,2,114.497
395,1411925348,0,1,0,1,0,1,0,1,0,1,0,1,0,1,0
396,1411925348,0,1,0,1,0,1,0,1,0,1,0,1,0,1,0
397,1411925348,4,3,167.226,5,411.961,2,114.497,3,202.066,5,322.049,2,114.497,2,114.497
398,1411925348,0,1,0,1,0,1,0,1,0,1,0,1,0,1,0
399,1411925348,2,4,210.954,2,117.397,4,246.367,4,245.794,4,278.321,4,246.367,3,158.225
400,1411925348,1,5,325.036,3,231.48,5,360.45,2,90.0538,2,90.0538,5,360.45,5,346.492
401,1411925348,4,3,167.226,5,411.961,2,114.497,3,202.066,5,322.049,2,114.497,2,114.497
402,1411925348,1,5,325.036,3,231.48,5,360.45,2,90.0538,2,90.0538,5,360.45,5,346.492
403,1411925348,2,4,210.954,2,117.397,4,246.367,4,245.794,4,278.321,4,246.367,3,158.225
404,1411925348,4,3,167.226,5,411.961,2,114.497,3,202.066,5,322.049,2,114.497,2,114.497
405,1411925348,2,4,210.954,2,117.397,4,246.367,4,245.794,4,278.321,4,246.367,3,158.225
406,1411925348,4,3,167.226,5,411.961,2,114.497,3,202.066,5,322.049,2,114.497,2,114.497
407,1411925348,3,2,105.184,4,349.919,3,176.539,5,315.622,3,208.493,3,176.539,4,228.053
408,1411925348,0,1,0,1,0,1,0,1,0,1,0,1,0,1,0
409,1411925348,1,5,325.036,3,231.48,5,360.45,2,90.0538,2,90.0538,5,360.45,5,346.492
410,1411925348,4,3,167.226,5,411.961,2,114.497,3,202.066,5,322.049,2,114.497,2,114.497
411,1411925348,3,2,105.184,4,349.919,3,176.539,5,315.622,3,208.493,3,176.539,4,228.053
412,1411925348,4,3,167.226,5,411.961,2,114.497,3,202.066,5,322.049,2,114.497,2,114.497
413,1411925348,1,5,325.036,3,231.48,5,360.45,2,90.0538,2,90.0538,5,360.45,5,346.492
414,1411925348,0,1,0,1,0,1,0,1,0,1,0,1,0,1,0
415,1411925348,0,1,0,1,0,1,0,1,0,1,0,1,0,1,0
416,1411925348,3,2,105.184,4,349.919,3,176.539,5,315.622,3,208.493,3,176.539,4,228.053
417,1411925348,0,1,0,1,0,1,0,1,0,1,0,1,0,1,0
418,1411925348,3,2,105.184,4,349.919,3,176.539,5,315.622,3,208.493,3,176.539,4,228.053
419,1411925348,4,3,167.226,5,411.961,2,114.497,3,202.066,5,322.049,2,114.497,2,114.497
420,1411925348,3,2,105.184,4,349.919,3,176.539,5,315.622,3,208.493,3,176.539,4,228.053
421,1411925348,0,1,0,1,0,1,0,1,0,1,0,1,0,1,0
422,1411925348,2,4,210.954,2,117.397,4,246.367,4,245.794,4,278.321,4,246.367,3,158.225
423,1411925348,1,5,325.036,3,231.48,5,360.45,2,90.0538,2,90.0538,5,360.45,5,346.492
424,1411925348,2,4,210.954,2,117.397,4,246.367,4,245.794,4,278.321,4,246.367,3,158.225
425,1411925348,1,5,325.036,3,231.48,5,360.45,2,90.0538,2,90.0538,5,360.45,5,346.492
426,1411925348,2,4,210.954,2,117.397,4,246.367,4,245.794,4,278.321,4,246.367,3,158.225
427,1411925348,2,4,210.954,2,117.397,4,246.367,4,245.794,4,278.321,4,246.367,3,158.225
428,1411925348,0,1,0,1,0,1,0,1,0,1,0,1,0,1,0
429,1411925348,3,2,105.184,4,349.919,3,176.539,5,315.622,3,208.493,3,176.539,4,228.053
430,1411925348,0,1,0,1,0,1,0,1,0,1,0,1,0,1,0
431,1411925348,2,4,210.954,2,117.397,4,246.367,4,245.794,4,278.321,4,246.367,3,158.225
432,1411925348,2,4,210.954,2,117.397,4,246.367,4,245.794,4,278.321,4,246.367,3,158.225
433,1411925348,1,5,325.036,3,231.48,5,360.45,2,90.0538,2,90.0538,5,360.45,5,346.492
434,1411925348,3,2,105.184,4,349.919,3,176.539,5,315.622,3,208.493,3,176.539,4,228.053
435,1411925348,1,5,325.036,3,231.48,5,360.45,2,90.0538,2,90.0538,5,360.45,5,346.492
436,1411925348,3,2,105.184,4,349.919,3,176.539,5,315.622,3,208.493,3,176.539,4,228.053
437,1411925348,3,2,105.184,4,349.919,3,176.539,5,315.622,3,208.493,3,176.539,4,228.053
438,1411925348,4,3,167.226,5,411.961,2,114.497,3,202.066,5,322.049,2,114.497,2,114.497
439,1411925348,3,2,105.184,4,349.919,3,176.539,5,315.622,3,208.493,3,176.539,4,228.053
440,1411925348,4,3,167.226,5,411.961,2,114.497,3,202.066,5,322.049,2,114.497,2,114.497
441,1411925348,3,2,105.184,4,349.919,3,176.539,5,315.622,3,208.493,3,176.539,4,228.053
442,1411925348,1,5,325.036,3,231.48,5,360.45,2,90.0538,2,90.0538,5,360.45,5,346.492
443,1411925348,3,2,105.184,4,349.919,3,176.539,5,315.622,3,208.493,3,176.539,4,228.053
444,1411925348,0,1,0,1,0,1,0,1,0,1,0,1,0,1,0
445,1411925348,2,4,210.954,2,117.397,4,246.367,4,245.794,4,278.321,4,246.367,3,158.225
446,1411925348,4,3,167.226,5,411.961,2,114.497,3,202.066,5,322.049,2,114.497,2,114.497
447,1411925348,3,2,105.184,4,349.919,3,176.539,5,315.622,3,208.493,3,176.539,4,228.053
448,1411925348,3,2,105.184,4,349.919,3,176.539,5,315.622,3,208.493,3,176.539,4,228.053
449,1411925348,2,4,210.954,2,117.397,4,246.367,4,245.794,4,278.321,4,246.367,3,158.225
450,1411925348,2,4,210.954,2,117.397,4,246.367,4,245.794,4,278.321,4,246.367,3,158.225
451,1411925348,2,4,210.954,2,117.397,4,246.367,4,245.794,4,278.321,4,246.367,3,158.225
452,1411925348,3,2,105.184,4,349.919,3,176.539,5,315.622,3,208.493,3,176.539,4,228.053
453,1411925348,4,3,167.226,5,411.961,2,114.497,3,202.066,5,322.049,2,114.497,2,114.497
454,1411925348,3,2,105.184,4,349.919,3,176.539,5,315.622,3,208.493,3,176.539,4,228.053
455,1411925348,0,1,0,1,0,1,0,1,0,1,0,1,0,1,0
456,1411925348,0,1,0,1,0,1,0,1,0,1,0,1,0,1,0
457,1411925348,0,1,0,1,0,1,0,1,0,1,0,1,0,1,0
458,1411925348,3,2,105.184,4,349.919,3,176.539,5,315.622,3,208.493,3,176.539,4,228.053
459,1411925348,0,1,0,1,0,1,0,1,0,1,0,1,0,1,0
460,1411925348,3,2,105.184,4,349.919,3,176.539,5,315.622,3,208.493,3,176.539,4,228.053
461,1411925348,3,2,105.184,4,349.919,3,176.539,5,315.622,3,208.493,3,176.539,4,228.053
462,1411925348,3,2,105.184,4,349.919,3,176.539,5,315.622,3,208.493,3,176.539,4,228.053
463,1411925348,0,1,0,1,0,1,0,1,0,1,0,1,0,1,0
464,1411925348,0,1,0,1,0,1,0,1,0,1,0,1,0,1,0
465,1411925348,1,5,325.036,3,231.48,5,360.45,2,90.0538,2,90.0538,5,360.45,5,346.492
466,1411925348,1,5,325.036,3,231.48,5,360.45,2,90.0538,2,90.0538,5,360.45,5,346.492
467,1411925348,3,2,105.184,4,349.919,3,176.539,5,315.622,3,208.493,3,176.539,4,228.053
468,1411925348,4,3,167.226,5,411.961,2,114.497,3,202.066,5,322.049,2,114.497,2,114.497
469,1411925348,0,1,0,1,0,1,0,1,0,1,0,1,0,1,0
470,1411925348,2,4,210.954,2,117.397,4,246.367,4,245.794,4,278.321,4,246.367,3,158.225
471,1411925348,3,2,105.184,4,349.919,3,176.539,5,315.622,3,208.493,3,176.539,4,228.053
472,1411925348,4,3,167.226,5,411.961,2,114.497,3,202.066,5,322.049,2,114.497,2,114.497
473,1411925348,3,2,105.184,4,349.919,3,176.539,5,315.622,3,208.493,3,176.539,4,228.053
474,1411925348,1,5,325.036,3,231.48,5,360.45,2,90.0538,2,90.0538,5,360.45,5,346.492
475,1411925348,4,3,167.226,5,411.961,2,114.497,3,202.066,5,322.049,2,114.497,2,114.497
476,1411925348,0,1,0,1,0,1,0,1,0,1,0,1,0,1,0
477,1411925348,0,1,0,1,0,1,0,1,0,1,0,1,0,1,0
478,1411925348,2,4,210.954,2,117.397,4,246.367,4,245.794,4,278.321,4,246.367,3,158.225
479,1411925348,4,3,167.226,5,411.961,2,114.497,3,202.066,5,322.049,2,114.497,2,114.497
480,1411925348,3,2,105.184,4,349.919,3,176.539,5,315.622,3,208.493,3,176.539,4,228.053
481,1411925348,4,3,167.226,5,411.961,2,114.497,3,202.066,5,322.049,2,114.497,2,114.497
482,1411925348,0,1,0,1,0,1,0,1,0,1,0,1,0,1,0
483,1411925348,2,4,210.954,2,117.397,4,246.367,4,245.794,4,278.321,4,246.367,3,158.225
484,1411925348,3,2,105.184,4,349.919,3,176.539,5,315.622,3,208.493,3,176.539,4,228.053
485,1411925348,4,3,167.226,5,411.961,2,114.497,3,202.066,5,322.049,2,114.497,2,114.497
486,1411925348,3,2,105.184,4,349.919,3,176.539,5,315.622,3,208.493,3,176.539,4,228.053
487,1411925348,3,2,105.184,4,349.919,3,176.539,5,315.622,3,208.493,3,176.539,4,228.053
488,1411925348,4,3,167.226,5,411.961,2,114.497,3,202.066,5,322.049,2,114.497,2,114.497
489,1411925348,1,5,325.036,3,231.48,5,360.45,2,90.0538,2,90.0538,5,360.45,5,346.492
490,1411925348,4,3,167.226,5,411.961,2,114.497,3,202.066,5,322.049,2,114.497,2,114.497
491,1411925348,3,2,105.184,4,349.919,3,176.539,5,315.622,3,208.493,3,176.539,4,228.053
492,1411925348,4,3,167.226,5,411.961,2,114.497,3,202.066,5,322.049,2,114.497,2,114.497
493,1411925348,2,4,210.954,2,117.397,4,246.367,4,245.794,4,278.321,4,246.367,3,158.225
494,1411925348,3,2,105.184,4,349.919,3,176.539,5,315.622,3,208.493,3,176.539,4,228.053
495,1411925348,4,3,167.226,5,411.961,2,114.497,3,202.066,5,322.049,2,114.497,2,114.497
496,1411925348,4,3,167.226,5,411.961,2,114.497,3,202.066,5,322.049,2,114.497,2,114.497
497,1411925348,4,3,167.226,5,411.961,2,114.497,3,202.066,5,322.049,2,114.497,2,114.497
498,1411925348,3,2,105.184,4,349.919,3,176.539,5,315.622,3,208.493,3,176.539,4,228.053
499,1411925348,3,2,105.184,4,349.919,3,176.539,5,315.622,3,208.493,3,176.539,4,228.053
500,1411925348,4,3,167.226,5,411.961,2,114.497,3,202.066,5,322.049,2,114.497,2,114.497
501,1411925348,4,3,167.226,5,411.961,2,114.497,3,202.066,5,322.049,2,114.497,2,114.497
502,1411925348,1,5,325.036,3,231.48,5,360.45,2,90.0538,2,90.0538,5,360.45,5,346.492
503,1411925348,4,3,167.226,5,411.961,2,114.497,3,202.066,5,322.049,2,114.497,2,114.497
504,1411925348,3,2,105.184,4,349.919,3,176.539,5,315.622,3,208.493,3,176.539,4,228.053
505,1411925348,3,2,105.184,4,349.919,3,176.539,5,315.622,3,208.493,3,176.539,4,228.053
506,1411925348,4,3,167.226,5,411.961,2,114.497,3,202.066,5,322.049,2,114.497,2,114.497
507,1411925348,4,3,167.226,5,411.961,2,114.497,3,202.066,5,322.049,2,114.497,2,114.497
508,1411925348,4,3,167.226,5,411.961,2,114.497,3,202.066,5,322.049,2,114.497,2,114.497
509,1411925348,1,5,325.036,3,231.48,5,360.45,2,90.0538,2,90.0538,5,360.45,5,346.492
510,1411925348,3,2,105.184,4,349.919,3,176.539,5,315.622,3,208.493,3,176.539,4,228.053
511,1411925348,2,4,210.954,2,117.397,4,246.367,4,245.794,4,278.321,4,246.367,3,158.225
512,1411925348,0,1,0,1,0,1,0,1,0,1,0,1,0,1,0
513,1411925348,4,3,167.226,5,411.961,2,114.497,3,202.066,5,322.049,2,114.497,2,114.497
514,1411925348,4,3,167.226,5,411.961,2,114.497,3,202.066,5,322.049,2,114.497,2,114.497
515,1411925348,4,3,167.226,5,411.961,2,114.497,3,202.066,5,322.049,2,114.497,2,114.497
516,1411925348,3,2,105.184,4,349.919,3,176.539,5,315.622,3,208.493,3,176.539,4,228.053
517,1411925348,2,4,210.954,2,117.397,4,246.367,4,245.794,4,278.321,4,246.367,3,158.225
518,1411925348,3,2,105.184,4,349.919,3,176.539,5,315.622,3,208.493,3,176.539,4,228.053
519,1411925348,3,2,105.184,4,349.919,3,176.539,5,315.622,3,208.493,3,176.539,4,228.053
520,1411925348,3,2,105.184,4,349.919,3,176.539,5,315.622,3,208.493,3,176.539,4,228.053
521,1411925348,2,4,210.954,2,117.397,4,246.367,4,245.794,4,278.321,4,246.367,3,158.225
522,1411925348,0,1,0,1,0,1,0,1,0,1,0,1,0,1,0
523,1411925348,3,2,105.184,4,349.919,3,176.539,5,315.622,3,208.493,3,176.539,4,228.053
524,1411925348,0,1,0,1,0,1,0,1,0,1,0,1,0,1,0
525,1411925348,3,2,105.184,4,349.919,3,176.539,5,315.622,3,208.493,3,176.539,4,228.053
526,1411925348,2,4,210.954,2,117.397,4,246.367,4,245.794,4,278.321,4,246.367,3,158.225
527,1411925348,4,3,167.226,5,411.961,2,114.497,3,202.066,5,322.049,2,114.497,2,114.497
528,1411925348,2,4,210.954,2,117.397,4,246.367,4,245.794,4,278.321,4,246.367,3,158.225
529,1411925348,0,1,0,1,0,1,0,1,0,1,0,1,0,1,0
530,1411925348,2,4,210.954,2,117.397,4,246.367,4,245.794,4,278.321,4,246.367,3,158.225
531,1411925348,2,4,210.954,2,117.397,4,246.367,4,245.794,4,278.321,4,246.367,3,158.225
532,1411925348,0,1,0,1,0,1,0,1,0,1,0,1,0,1,0
533,1411925348,4,3,167.226,5,411.961,2,114.497,3,202.066,5,322.049,2,114.497,2,114.497
534,1411925348,2,4,210.954,2,117.397,4,246.367,4,245.794,4,278.321,4,246.367,3,158.225
535,1411925348,3,2,105.184,4,349.919,3,176.539,5,315.622,3,208.493,3,176.539,4,228.053
536,1411925348,2,4,210.954,2,117.397,4,246.367,4,245.794,4,278.321,4,246.367,3,158.225
537,1411925348,0,1,0,1,0,1,0,1,0,1,0,1,0,1,0
538,1411925348,2,4,210.954,2,117.397,4,246.367,4,245.794,4,278.321,4,246.367,3,158.225
539,1411925348,1,5,325.036,3,231.48,5,360.45,2,90.0538,2,90.0538,5,360.45,5,346.492
540,1411925348,2,4,210.954,2,117.397,4,246.367,4,245.794,4,278.321,4,246.367,3,158.225
541,1411925348,0,1,0,1,0,1,0,1,0,1,0,1,0,1,0
542,1411925348,3,2,105.184,4,349.919,3,176.539,5,315.622,3,208.493,3,176.539,4,228.053
543,1411925348,3,2,105.184,4,349.919,3,176.539,5,315.622,3,208.493,3,176.539,4,228.053
544,1411925348,4,3,167.226,5,411.961,2,114.497,3,202.066,5,322.049,2,114.497,2,114.497
545,1411925348,3,2,105.184,4,349.919,3,176.539,5,315.622,3,208.493,3,176.539,4,228.053
546,1411925348,2,4,210.954,2,117.397,4,246.367,4,245.794,4,278.321,4,246.367,3,158.225
547,1411925348,2,4,210.954,2,117.397,4,246.367,4,245.794,4,278.321,4,246.367,3,158.225
548,1411925348,4,3,167.226,5,411.961,2,114.497,3,202.066,5,322.049,2,114.497,2,114.497
549,1411925348,0,1,0,1,0,1,0,1,0,1,0,1,0,1,0
550,1411925348,0,1,0,1,0,1,0,1,0,1,0,1,0,1,0
551,1411925348,3,2,105.184,4,349.919,3,176.539,5,315.622,3,208.493,3,176.539,4,228.053
552,1411925348,3,2,105.184,4,349.919,3,176.539,5,315.622,3,208.493,3,176.539,4,228.053
553,1411925348,0,1,0,1,0,1,0,1,0,1,0,1,0,1,0
554,1411925348,0,1,0,1,0,1,0,1,0,1,0,1,0,1,0
555,1411925348,3,2,105.184,4,349.919,3,176.539,5,315.622,3,208.493,3,176.539,4,228.053
556,1411925348,4,3,167.226,5,411.961,2,114.497,3,202.066,5,322.049,2,114.497,2,114.497
557,1411925348,3,2,105.184,4,349.919,3,176.539,5,315.622,3,208.493,3,176.539,4,228.053
558,1411925348,2,4,210.954,2,117.397,4,246.367,4,245.794,4,278.321,4,246.367,3,158.225
559,1411925348,2,4,210.954,2,117.397,4,246.367,4,245.794,4,278.321,4,246.367,3,158.225
560,1411925348,4,3,167.226,5,411.961,2,114.497,3,202.066,5,322.049,2,114.497,2,114.497
561,1411925348,4,3,167.226,5,411.961,2,114.497,3,202.066,5,322.049,2,114.497,2,114.497
562,1411925348,4,3,167.226,5,411.961,2,114.497,3,202.066,5,322.049,2,114.497,2,114.497
563,1411925348,4,3,167.226,5,411.961,2,114.497,3,202.066,5,322.049,2,114.497,2,114.497
564,1411925348,4,3,167.226,5,411.961,2,114.497,3,202.066,5,322.049,2,114.497,2,114.497
565,1411925348,2,4,210.954,2,117.397,4,246.367,4,245.794,4,278.321,4,246.367,3,158.225
566,1411925348,2,4,210.954,2,117.397,4,246.367,4,245.794,4,278.321,4,246.367,3,158.225
567,1411925348,0,1,0,1,0,1,0,1,0,1,0,1,0,1,0
568,1411925348,2,4,210.954,2,117.397,4,246.367,4,245.794,4,278.321,4,246.367,3,158.225
569,1411925348,4,3,167.226,5,411.961,2,114.497,3,202.066,5,322.049,2,114.497,2,114.497
570,1411925348,2,4,210.954,2,117.397,4,246.367,4,245.794,4,278.321,4,246.367,3,158.225
571,1411925348,4,3,167.226,5,411.961,2,114.497,3,202.066,5,322.049,2,114.497,2,114.497
572,1411925348,4,3,167.226,5,411.961,2,114.497,3,202.066,5,322.049,2,114.497,2,114.497
573,1411925348,0,1,0,1,0,1,0,1,0,1,0,1,0,1,0
574,1411925348,2,4,210.954,2,117.397,4,246.367,4,245.794,4,278.321,4,246.367,3,158.225
575,1411925348,4,3,167.226,5,411.961,2,114.497,3,202.066,5,322.049,2,114.497,2,114.497
576,1411925348,4,3,167.226,5,411.961,2,114.497,3,202.066,5,322.049,2,114.497,2,114.497
577,1411925348,4,3,167.226,5,411.961,2,114.497,3,202.066,5,322.049,2,114.497,2,114.497
578,1411925348,1,5,325.036,3,231.48,5,360.45,2,90.0538,2,90.0538,5,360.45,5,346.492
579,1411925348,4,3,167.226,5,411.961,2,114.497,3,202.066,5,322.049,2,114.497,2,114.497
580,1411925348,4,3,167.226,5,411.961,2,114.497,3,202.066,5,322.049,2,114.497,2,114.497
581,1411925348,2,4,210.954,2,117.397,4,246.367,4,245.794,4,278.321,4,246.367,3,158.225
582,1411925348,2,4,210.954,2,117.397,4,246.367,4,245.794,4,278.321,4,246.367,3,158.225
583,1411925348,3,2,105.184,4,349.919,3,176.539,5,315.622,3,208.493,3,176.539,4,228.053
584,1411925348,3,2,105.184,4,349.919,3,176.539,5,315.622,3,208.493,3,176.539,4,228.053
585,1411925348,3,2,105.184,4,349.919,3,176.539,5,315.622,3,208.493,3,176.539,4,228.053
586,1411925348,0,1,0,1,0,1,0,1,0,1,0,1,0,1,0
587,1411925348,2,4,210.954,2,117.397,4,246.367,4,245.794,4,278.321,4,246.367,3,158.225
588,1411925348,2,4,210.954,2,117.397,4,246.367,4,245.794,4,278.321,4,246.367,3,158.225
589,1411925348,3,2,105.184,4,349.919,3,176.539,5,315.622,3,208.493,3,176.539,4,228.053
590,1411925348,4,3,167.226,5,411.961,2,114.497,3,202.066,5,322.049,2,114.497,2,114.497
591,1411925348,0,1,0,1,0,1,0,1,0,1,0,1,0,1,0
592,1411925348,3,2,105.184,4,349.919,3,176.539,5,315.622,3,208.493,3,176.539,4,228.053
593,1411925348,4,3,167.226,5,411.961,2,114.497,3,202.066,5,322.049,2,114.497,2,114.497
594,1411925348,0,1,0,1,0,1,0,1,0,1,0,1,0,1,0
595,1411925348,2,4,210.954,2,117.397,4,246.367,4,245.794,4,278.321,4,246.367,3,158.225
596,1411925348,0,1,0,1,0,1,0,1,0,1,0,1,0,1,0
597,1411925348,3,2,105.184,4,349.919,3,176.539,5,315.622,3,208.493,3,176.539,4,228.053
598,1411925348,3,2,105.184,4,349.919,3,176.539,5,315.622,3,208.493,3,176.539,4,228.053
599,1411925348,3,2,105.184,4,349.919,3,176.539,5,315.622,3,208.493,3,176.539,4,228.053
600,1411925348,3,2,105.184,4,349.919,3,176.539,5,315.622,3,208.493,3,176.539,4,228.053
601,1411925348,0,1,0,1,0,1,0,1,0,1,0,1,0,1,0
602,1411925348,3,2,105.184,4,349.919,3,176.539,5,315.622,3,208.493,3,176.539,4,228.053
603,1411925348,3,2,105.184,4,349.919,3,176.539,5,315.622,3,208.493,3,176.539,4,228.053
604,1411925348,1,5,325.036,3,231.48,5,360.45,2,90.0538,2,90.0538,5,360.45,5,346.492
605,1411925348,0,1,0,1,0,1,0,1,0,1,0,1,0,1,0
606,1411925348,2,4,210.954,2,117.397,4,246.367,4,245.794,4,278.321,4,246.367,3,158.225
607,1411925348,0,1,0,1,0,1,0,1,0,1,0,1,0,1,0
608,1411925348,4,3,167.226,5,411.961,2,114.497,3,202.066,5,322.049,2,114.497,2,114.497
609,1411925348,3,2,105.184,4,349.919,3,176.539,5,315.622,3,208.493,3,176.539,4,228.053
610,1411925348,4,3,167.226,5,411.961,2,114.497,3,202.066,5,322.049,2,114.497,2,114.497
611,1411925348,4,3,167.226,5,411.961,2,114.497,3,202.066,5,322.049,2,114.497,2,114.497
612,1411925348,4,3,167.226,5,411.961,2,114.497,3,202.066,5,322.049,2,114.497,2,114.497
613,1411925348,0,1,0,1,0,1,0,1,0,1,0,1,0,1,0
614,1411925348,2,4,210.954,2,117.397,4,246.367,4,245.794,4,278.321,4,246.367,3,158.225
615,1411925348,2,4,210.954,2,117.397,4,246.367,4,245.794,4,278.321,4,246.367,3,158.225
616,1411925348,4,3,167.226,5,411.961,2,114.497,3,202.066,5,322.049,2,114.497,2,114.497
617,1411925348,3,2,105.184,4,349.919,3,176.539,5,315.622,3,208.493,3,176.539,4,228.053
618,1411925348,4,3,167.226,5,411.961,2,114.497,3,202.066,5,322.049,2,114.497,2,114.497
619,1411925348,0,1,0,1,0,1,0,1,0,1,0,1,0,1,0
620,1411925348,1,5,325.036,3,231.48,5,360.45,2,90.0538,2,90.0538,5,360.45,5,346.492
621,1411925348,4,3,167.226,5,411.961,2,114.497,3,202.066,5,322.049,2,114.497,2,114.497
622,1411925348,2,4,210.954,2,117.397,4,246.367,4,245.794,4,278.321,4,246.367,3,158.225
623,1411925348,4,3,167.226,5,411.961,2,114.497,3,202.066,5,322.049,2,114.497,2,114.497
624,1411925348,3,2,105.184,4,349.919,3,176.539,5,315.622,3,208.493,3,176.539,4,228.053
625,1411925348,2,4,210.954,2,117.397,4,246.367,4,245.794,4,278.321,4,246.367,3,158.225
626,1411925348,1,5,325.036,3,231.48,5,360.45,2,90.0538,2,90.0538,5,360.45,5,346.492
627,1411925348,4,3,167.226,5,411.961,2,114.497,3,202.066,5,322.049,2,114.497,2,114.497
628,1411925348,0,1,0,1,0,1,0,1,0,1,0,1,0,1,0
629,1411925348,4,3,167.226,5,411.961,2,114.497,3,202.066,5,322.049,2,114.497,2,114.497
630,1411925348,3,2,105.184,4,349.919,3,176.539,5,315.622,3,208.493,3,176.539,4,228.053
631,1411925348,3,2,105.184,4,349.919,3,176.539,5,315.622,3,208.493,3,176.539,4,228.053
632,1411925348,4,3,167.226,5,411.961,2,114.497,3,202.066,5,322.049,2,114.497,2,114.497
633,1411925348,0,1,0,1,0,1,0,1,0,1,0,1,0,1,0
634,1411925348,1,5,325.036,3,231.48,5,360.45,2,90.0538,2,90.0538,5,360.45,5,346.492
635,1411925348,0,1,0,1,0,1,0,1,0,1,0,1,0,1,0
636,1411925348,0,1,0,1,0,1,0,1,0,1,0,1,0,1,0
637,1411925348,3,2,105.184,4,349.919,3,176.539,5,315.622,3,208.493,3,176.539,4,228.053
638,1411925348,0,1,0,1,0,1,0,1,0,1,0,1,0,1,0
639,1411925348,0,1,0,1,0,1,0,1,0,1,0,1,0,1,0
640,1411925348,1,5,325.036,3,231.48,5,360.45,2,90.0538,2,90.0538,5,360.45,5,346.492
641,1411925348,4,3,167.226,5,411.961,2,114.497,3,202.066,5,322.049,2,114.497,2,114.497
642,1411925348,0,1,0,1,0,1,0,1,0,1,0,1,0,1,0
643,1411925348,0,1,0,1,0,1,0,1,0,1,0,1,0,1,0
644,1411925348,0,1,0,1,0,1,0,1,0,1,0,1,0,1,0
645,1411925348,2,4,210.954,2,117.397,4,246.367,4,245.794,4,278.321,4,246.367,3,158.225
646,1411925348,3,2,105.184,4,349.919,3,176.539,5,315.622,3,208.493,3,176.539,4,228.053
647,1411925348,4,3,167.226,5,411.961,2,114.497,3,202.066,5,322.049,2,114.497,2,114.497
648,1411925348,0,1,0,1,0,1,0,1,0,1,0,1,0,1,0
649,1411925348,3,2,105.184,4,349.919,3,176.539,5,315.622,3,208.493,3,176.539,4,228.053
650,1411925348,0,1,0,1,0,1,0,1,0,1,0,1,0,1,0
651,1411925348,2,4,210.954,2,117.397,4,246.367,4,245.794,4,278.321,4,246.367,3,158.225
652,1411925348,2,4,210.954,2,117.397,4,246.367,4,245.794,4,278.321,4,246.367,3,158.225
653,1411925348,2,4,210.954,2,117.397,4,246.367,4,245.794,4,278.321,4,246.367,3,158.225
654,1411925348,1,5,325.036,3,231.48,5,360.45,2,90.0538,2,90.0538,5,360.45,5,346.492
655,1411925348,1,5,325.036,3,231.48,5,360.45,2,90.0538,2,90.0538,5,360.45,5,346.492
656,1411925348,4,3,167.226,5,411.961,2,114.497,3,202.066,5,322.049,2,114.497,2,114.497
657,1411925348,3,2,105.184,4,349.919,3,176.539,5,315.622,3,208.493,3,176.539,4,228.053
658,1411925348,0,1,0,1,0,1,0,1,0,1,0,1,0,1,0
659,1411925348,0,1,0,1,0,1,0,1,0,1,0,1,0,1,0
660,1411925348,2,4,210.954,2,117.397,4,246.367,4,245.794,4,278.321,4,246.367,3,158.225
661,1411925348,4,3,167.226,5,411.961,2,114.497,3,202.066,5,322.049,2,114.497,2,114.497
662,1411925348,3,2,105.184,4,349.919,3,176.539,5,315.622,3,208.493,3,176.539,4,228.053
663,1411925348,2,4,210.954,2,117.397,4,246.367,4,245.794,4,278.321,4,246.367,3,158.225
664,1411925348,4,3,167.226,5,411.961,2,114.497,3,202.066,5,322.049,2,114.497,2,114.497
665,1411925348,0,1,0,1,0,1,0,1,0,1,0,1,0,1,0
666,1411925348,2,4,210.954,2,117.397,4,246.367,4,245.794,4,278.321,4,246.367,3,158.225
667,1411925348,0,1,0,1,0,1,0,1,0,1,0,1,0,1,0
668,1411925348,3,2,105.184,4,349.919,3,176.539,5,315.622,3,208.493,3,176.539,4,228.053
669,1411925348,3,2,105.184,4,349.919,3,176.539,5,315.622,3,208.493,3,176.539,4,228.053
670,1411925348,1,5,325.036,3,231.48,5,360.45,2,90.0538,2,90.0538,5,360.45,5,346.492
671,1411925348,4,3,167.226,5,411.961,2,114.497,3,202.066,5,322.049,2,114.497,2,114.497
672,1411925348,3,2,105.184,4,349.919,3,176.539,5,315.622,3,208.493,3,176.539,4,228.053
673,1411925348,2,4,210.954,2,117.397,4,246.367,4,245.794,4,278.321,4,246.367,3,158.225
674,1411925348,0,1,0,1,0,1,0,1,0,1,0,1,0,1,0
675,1411925348,4,3,167.226,5,411.961,2,114.497,3,202.066,5,322.049,2,114.497,2,114.497
676,1411925348,4,3,167.226,5,411.961,2,114.497,3,202.066,5,322.049,2,114.497,2,114.497
677,1411925348,3,2,105.184,4,349.919,3,176.539,5,315.622,3,208.493,3,176.539,4,228.053
678,1411925348,3,2,105.184,4,349.919,3,176.539,5,315.622,3,208.493,3,176.539,4,228.053
679,1411925348,4,3,167.226,5,411.961,2,114.497,3,202.066,5,322.049,2,114.497,2,114.497
680,1411925348,1,5,325.036,3,231.48,5,360.45,2,90.0538,2,90.0538,5,360.45,5,346.492
681,1411925348,3,2,105.184,4,349.919,3,176.539,5,315.622,3,208.493,3,176.539,4,228.053
682,1411925348,1,5,325.036,3,231.48,5,360.45,2,90.0538,2,90.0538,5,360.45,5,346.492
683,1411925348,4,3,167.226,5,411.961,2,114.497,3,202.066,5,322.049,2,114.497,2,114.497
684,1411925348,0,1,0,1,0,1,0,1,0,1,0,1,0,1,0
685,1411925348,3,2,105.184,4,349.919,3,176.539,5,315.622,3,208.493,3,176.539,4,228.053
686,1411925348,0,1,0,1,0,1,0,1,0,1,0,1,0,1,0
687,1411925348,0,1,0,1,0,1,0,1,0,1,0,1,0,1,0
688,1411925348,0,1,0,1,0,1,0,1,0,1,0,1,0,1,0
689,1411925348,1,5,325.036,3,231.48,5,360.45,2,90.0538,2,90.0538,5,360.45,5,346.492
690,1411925348,0,1,0,1,0,1,0,1,0,1,0,1,0,1,0
691,1411925348,3,2,105.184,4,349.919,3,176.539,5,315.622,3,208.493,3,176.539,4,228.053
692,1411925348,0,1,0,1,0,1,0,1,0,1,0,1,0,1,0
693,1411925348,4,3,167.226,5,411.961,2,114.497,3,202.066,5,322.049,2,114.497,2,114.497
694,1411925348,4,3,167.226,5,411.961,2,114.497,3,202.066,5,322.049,2,114.497,2,114.497
695,1411925348,0,1,0,1,0,1,0,1,0,1,0,1,0,1,0
696,1411925348,4,3,167.226,5,411.961,2,114.497,3,202.066,5,322.049,2,114.497,2,114.497
697,1411925348,2,4,210.954,2,117.397,4,246.367,4,245.794,4,278.321,4,246.367,3,158.225
698,1411925348,1,5,325.036,3,231.48,5,360.45,2,90.0538,2,90.0538,5,360.45,5,346.492
699,1411925348,3,2,105.184,4,349.919,3,176.539,5,315.622,3,208.493,3,176.539,4,228.053
700,1411925348,0,1,0,1,0,1,0,1,0,1,0,1,0,1,0
701,1411925348,3,2,105.184,4,349.919,3,176.539,5,315.622,3,208.493,3,176.539,4,228.053
702,1411925348,2,4,210.954,2,117.397,4,246.367,4,245.794,4,278.321,4,246.367,3,158.225
703,1411925348,4,3,167.226,5,411.961,2,114.497,3,202.066,5,322.049,2,114.497,2,114.497
704,1411925348,4,3,167.226,5,411.961,2,114.497,3,202.066,5,322.049,2,114.497,2,114.497
705,1411925348,2,4,210.954,2,117.397,4,246.367,4,245.794,4,278.321,4,246.367,3,158.225
706,1411925348,3,2,105.184,4,349.919,3,176.539,5,315.622,3,208.493,3,176.539,4,228.053
707,1411925348,3,2,105.184,4,349.919,3,176.539,5,315.622,3,208.493,3,176.539,4,228.053
708,1411925348,0,1,0,1,0,1,0,1,0,1,0,1,0,1,0
709,1411925348,1,5,325.036,3,231.48,5,360.45,2,90.0538,2,90.0538,5,360.45,5,346.492
710,1411925348,3,2,105.184,4,349.919,3,176.539,5,315.622,3,208.493,3,176.539,4,228.053
711,1411925348,2,4,210.954,2,117.397,4,246.367,4,245.794,4,278.321,4,246.367,3,158.225
712,1411925348,0,1,0,1,0,1,0,1,0,1,0,1,0,1,0
713,1411925348,4,3,167.226,5,411.961,2,114.497,3,202.066,5,322.049,2,114.497,2,114.497
714,1411925348,2,4,210.954,2,117.397,4,246.367,4,245.794,4,278.321,4,246.367,3,158.225
715,1411925348,0,1,0,1,0,1,0,1,0,1,0,1,0,1,0
716,1411925348,2,4,210.954,2,117.397,4,246.367,4,245.794,4,278.321,4,246.367,3,158.225
717,1411925348,2,4,210.954,2,117.397,4,246.367,4,245.794,4,278.321,4,246.367,3,158.225
718,1411925348,1,5,325.036,3,231.48,5,360.45,2,90.0538,2,90.0538,5,360.45,5,346.492
719,1411925348,3,2,105.184,4,349.919,3,176.539,5,315.622,3,208.493,3,176.539,4,228.053
720,1411925348,3,2,105.184,4,349.919,3,176.539,5,315.622,3,208.493,3,176.539,4,228.053
721,1411925348,2,4,210.954,2,117.397,4,246.367,4,245.794,4,278.321,4,246.367,3,158.225
722,1411925348,1,5,325.036,3,231.48,5,360.45,2,90.0538,2,90.0538,5,360.45,5,346.492
723,1411925348,3,2,105.184,4,349.919,3,176.539,5,315.622,3,208.493,3,176.539,4,228.053
724,1411925348,2,4,210.954,2,117.397,4,246.367,4,245.794,4,278.321,4,246.367,3,158.225
725,1411925348,0,1,0,1,0,1,0,1,0,1,0,1,0,1,0
726,1411925348,4,3,167.226,5,411.961,2,114.497,3,202.066,5,322.049,2,114.497,2,114.497
727,1411925348,1,5,325.036,3,231.48,5,360.45,2,90.0538,2,90.0538,5,360.45,5,346.492
728,1411925348,3,2,105.184,4,349.919,3,176.539,5,315.622,3,208.493,3,176.539,4,228.053
729,1411925348,0,1,0,1,0,1,0,1,0,1,0,1,0,1,0
730,1411925348,4,3,167.226,5,411.961,2,114.497,3,202.066,5,322.049,2,114.497,2,114.497
731,1411925348,4,3,167.226,5,411.961,2,114.497,3,202.066,5,322.049,2,114.497,2,114.497
732,1411925348,3,2,105.184,4,349.919,3,176.539,5,315.622,3,208.493,3,176.539,4,228.053
733,1411925348,1,5,325.036,3,231.48,5,360.45,2,90.0538,2,90.0538,5,360.45,5,346.492
734,1411925348,3,2,105.184,4,349.919,3,176.539,5,315.622,3,208.493,3,176.539,4,228.053
735,1411925348,2,4,210.954,2,117.397,4,246.367,4,245.794,4,278.321,4,246.367,3,158.225
736,1411925348,4,3,167.226,5,411.961,2,114.497,3,202.066,5,322.049,2,114.497,2,114.497
737,1411925348,1,5,325.036,3,231.48,5,360.45,2,90.0538,2,90.0538,5,360.45,5,346.492
738,1411925348,1,5,325.036,3,231.48,5,360.45,2,90.0538,2,90.0538,5,360.45,5,346.492
739,1411925348,0,1,0,1,0,1,0,1,0,1,0,1,0,1,0
740,1411925348,2,4,210.954,2,117.397,4,246.367,4,245.794,4,278.321,4,246.367,3,158.225
741,1411925348,4,3,167.226,5,411.961,2,114.497,3,202.066,5,322.049,2,114.497,2,114.497
742,1411925348,3,2,105.184,4,349.919,3,176.539,5,315.622,3,208.493,3,176.539,4,228.053
743,1411925348,2,4,210.954,2,117.397,4,246.367,4,245.794,4,278.321,4,246.367,3,158.225
744,1411925348,4,3,167.226,5,411.961,2,114.497,3,202.066,5,322.049,2,114.497,2,114.497
745,1411925348,4,3,167.226,5,411.961,2,114.497,3,202.066,5,322.049,2,114.497,2,114.497
746,1411925348,3,2,105.184,4,349.919,3,176.539,5,315.622,3,208.493,3,176.539,4,228.053
747,1411925348,2,4,210.954,2,117.397,4,246.367,4,245.794,4,278.321,4,246.367,3,158.225
748,1411925348,2,4,210.954,2,117.397,4,246.367,4,245.794,4,278.321,4,246.367,3,158.225
749,1411925348,0,1,0,1,0,1,0,1,0,1,0,1,0,1,0
750,1411925348,0,1,0,1,0,1,0,1,0,1,0,1,0,1,0
751,1411925348,0,1,0,1,0,1,0,1,0,1,0,1,0,1,0
752,1411925348,2,4,210.954,2,117.397,4,246.367,4,245.794,4,278.321,4,246.367,3,158.225
753,1411925348,1,5,325.036,3,231.48,5,360.45,2,90.0538,2,90.0538,5,360.45,5,346.492
754,1411925348,3,2,105.184,4,349.919,3,176.539,5,315.622,3,208.493,3,176.539,4,228.053
755,1411925348,4,3,167.226,5,411.961,2,114.497,3,202.066,5,322.049,2,114.497,2,114.497
756,1411925348,2,4,210.954,2,117.397,4,246.367,4,245.794,4,278.321,4,246.367,3,158.225
757,1411925348,2,4,210.954,2,117.397,4,246.367,4,245.794,4,278.321,4,246.367,3,158.225
758,1411925348,0,1,0,1,0,1,0,1,0,1,0,1,0,1,0
759,1411925348,0,1,0,1,0,1,0,1,0,1,0,1,0,1,0
760,1411925348,2,4,210.954,2,117.397,4,246.367,4,245.794,4,278.321,4,246.367,3,158.225
761,1411925348,4,3,167.226,5,411.961,2,114.497,3,202.066,5,322.049,2,114.497,2,114.497
762,1411925348,0,1,0,1,0,1,0,1,0,1,0,1,0,1,0
763,1411925348,0,1,0,1,0,1,0,1,0,1,0,1,0,1,0
764,1411925348,1,5,325.036,3,231.48,5,360.45,2,90.0538,2,90.0538,5,360.45,5,346.492
765,1411925348,3,2,105.184,4,349.919,3,176.539,5,315.622,3,208.493,3,176.539,4,228.053
766,1411925348,3,2,105.184,4,349.919,3,176.539,5,315.622,3,208.493,3,176.539,4,228.053
767,1411925348,0,1,0,1,0,1,0,1,0,1,0,1,0,1,0
768,1411925348,4,3,167.226,5,411.961,2,114.497,3,202.066,5,322.049,2,114.497,2,114.497
769,1411925348,4,3,167.226,5,411.961,2,114.497,3,202.066,5,322.049,2,114.497,2,114.497
770,1411925348,0,1,0,1,0,1,0,1,0,1,0,1,0,1,0
771,1411925348,2,4,210.954,2,117.397,4,246.367,4,245.794,4,278.321,4,246.367,3,158.225
772,1411925348,4,3,167.226,5,411.961,2,114.497,3,202.066,5,322.049,2,114.497,2,114.497
773,1411925348,4,3,167.226,5,411.961,2,114.497,3,202.066,5,322.049,2,114.497,2,114.497
774,1411925348,0,1,0,1,0,1,0,1,0,1,0,1,0,1,0
775,1411925348,3,2,105.184,4,349.919,3,176.539,5,315.622,3,208.493,3,176.539,4,228.053
776,1411925348,3,2,105.184,4,349.919,3,176.539,5,315.622,3,208.493,3,176.539,4,228.053
777,1411925348,3,2,105.184,4,349.919,3,176.539,5,315.622,3,208.493,3,176.539,4,228.053
778,1411925348,4,3,167.226,5,411.961,2,114.497,3,202.066,5,322.049,2,114.497,2,114.497
779,1411925348,0,1,0,1,0,1,0,1,0,1,0,1,0,1,0
780,1411925348,4,3,167.226,5,411.961,2,114.497,3,202.066,5,322.049,2,114.497,2,114.497
781,1411925348,4,3,167.226,5,411.961,2,114.497,3,202.066,5,322.049,2,114.497,2,114.497
782,1411925348,0,1,0,1,0,1,0,1,0,1,0,1,0,1,0
783,1411925348,1,5,325.036,3,231.48,5,360.45,2,90.0538,2,90.0538,5,360.45,5,346.492
784,1411925348,1,5,325.036,3,231.48,5,360.45,2,90.0538,2,90.0538,5,360.45,5,346.492
785,1411925348,4,3,167.226,5,411.961,2,114.497,3,202.066,5,322.049,2,114.497,2,114.497
786,1411925348,0,1,0,1,0,1,0,1,0,1,0,1,0,1,0
787,1411925348,3,2,105.184,4,349.919,3,176.539,5,315.622,3,208.493,3,176.539,4,228.053
788,1411925348,1,5,325.036,3,231.48,5,360.45,2,90.0538,2,90.0538,5,360.45,5,346.492
789,1411925348,0,1,0,1,0,1,0,1,0,1,0,1,0,1,0
790,1411925348,4,3,167.226,5,411.961,2,114.497,3,202.066,5,322.049,2,114.497,2,114.497
791,1411925348,4,3,167.226,5,411.961,2,114.497,3,202.066,5,322.049,2,114.497,2,114.497
792,1411925348,0,1,0,1,0,1,0,1,0,1,0,1,0,1,0
793,1411925348,4,3,167.226,5,411.961,2,114.497,3,202.066,5,322.049,2,114.497,2,114.497
794,1411925348,4,3,167.226,5,411.961,2,114.497,3,202.066,5,322.049,2,114.497,2,114.497
795,1411925348,2,4,210.954,2,117.397,4,246.367,4,245.794,4,278.321,4,246.367,3,158.225
796,1411925348,3,2,105.184,4,349.919,3,176.539,5,315.622,3,208.493,3,176.539,4,228.053
797,1411925348,2,4,210.954,2,117.397,4,246.367,4,245.794,4,278.321,4,246.367,3,158.225
798,1411925348,2,4,210.954,2,117.397,4,246.367,4,245.794,4,278.321,4,246.367,3,158.225
799,1411925348,3,2,105.184,4,349.919,3,176.539,5,315.622,3,208.493,3,176.539,4,228.053
800,1411925348,1,5,325.036,3,231.48,5,360.45,2,90.0538,2,90.0538,5,360.45,5,346.492
801,1411925348,3,2,105.184,4,349.919,3,176.539,5,315.622,3,208.493,3,176.539,4,228.053
802,1411925348,0,1,0,1,0,1,0,1,0,1,0,1,0,1,0
803,1411925348,0,1,0,1,0,1,0,1,0,1,0,1,0,1,0
804,1411925348,2,4,210.954,2,117.397,4,246.367,4,245.794,4,278.321,4,246.367,3,158.225
805,1411925348,0,1,0,1,0,1,0,1,0,1,0,1,0,1,0
806,1411925348,3,2,105.184,4,349.919,3,176.539,5,315.622,3,208.493,3,176.539,4,228.053
807,1411925348,0,1,0,1,0,1,0,1,0,1,0,1,0,1,0
808,1411925348,4,3,167.226,5,411.961,2,114.497,3,202.066,5,322.049,2,114.497,2,114.497
809,1411925348,3,2,105.184,4,349.919,3,176.539,5,315.622,3,208.493,3,176.539,4,228.053
810,1411925348,0,1,0,1,0,1,0,1,0,1,0,1,0,1,0
811,1411925348,3,2,105.184,4,349.919,3,176.539,5,315.622,3,208.493,3,176.539,4,228.053
812,1411925348,2,4,210.954,2,117.397,4,246.367,4,245.794,4,278.321,4,246.367,3,158.225
813,1411925348,1,5,325.036,3,231.48,5,360.45,2,90.0538,2,90.0538,5,360.45,5,346.492
814,1411925348,4,3,167.226,5,411.961,2,114.497,3,202.066,5,322.049,2,114.497,2,114.497
815,1411925348,4,3,167.226,5,411.961,2,114.497,3,202.066,5,322.049,2,114.497,2,114.497
816,1411925348,0,1,0,1,0,1,0,1,0,1,0,1,0,1,0
817,1411925348,0,1,0,1,0,1,0,1,0,1,0,1,0,1,0
818,1411925348,2,4,210.954,2,117.397,4,246.367,4,245.794,4,278.321,4,246.367,3,158.225
819,1411925348,2,4,210.954,2,117.397,4,246.367,4,245.794,4,278.321,4,246.367,3,158.225
820,1411925348,0,1,0,1,0,1,0,1,0,1,0,1,0,1,0
821,1411925348,2,4,210.954,2,117.397,4,246.367,4,245.794,4,278.321,4,246.367,3,158.225
822,1411925348,0,1,0,1,0,1,0,1,0,1,0,1,0,1,0
823,1411925348,1,5,325.036,3,231.48,5,360.45,2,90.0538,2,90.0538,5,360.45,5,346.492
824,1411925348,2,4,210.954,2,117.397,4,246.367,4,245.794,4,278.321,4,246.367,3,158.225
825,1411925348,0,1,0,1,0,1,0,1,0,1,0,1,0,1,0
826,1411925348,3,2,105.184,4,349.919,3,176.539,5,315.622,3,208.493,3,176.539,4,228.053
827,1411925348,0,1,0,1,0,1,0,1,0,1,0,1,0,1,0
828,1411925348,2,4,210.954,2,117.397,4,246.367,4,245.794,4,278.321,4,246.367,3,158.225
829,1411925348,0,1,0,1,0,1,0,1,0,1,0,1,0,1,0
830,1411925348,4,3,167.226,5,411.961,2,114.497,3,202.066,5,322.049,2,114.497,2,114.497
831,1411925348,4,3,167.226,5,411.961,2,114.497,3,202.066,5,322.049,2,114.497,2,114.497
832,1411925348,3,2,105.184,4,349.919,3,176.539,5,315.622,3,208.493,3,176.539,4,228.053
833,1411925348,4,3,167.226,5,411.961,2,114.497,3,202.066,5,322.049,2,114.497,2,114.497
834,1411925348,4,3,167.226,5,411.961,2,114.497,3,202.066,5,322.049,2,114.497,2,114.497
835,1411925348,0,1,0,1,0,1,0,1,0,1,0,1,0,1,0
836,1411925348,0,1,0,1,0,1,0,1,0,1,0,1,0,1,0
837,1411925348,2,4,210.954,2,117.397,4,246.367,4,245.794,4,278.321,4,246.367,3,158.225
838,1411925348,0,1,0,1,0,1,0,1,0,1,0,1,0,1,0
839,1411925348,4,3,167.226,5,411.961,2,114.497,3,202.066,5,322.049,2,114.497,2,114.497
840,1411925348,0,1,0,1,0,1,0,1,0,1,0,1,0,1,0
841,1411925348,2,4,210.954,2,117.397,4,246.367,4,245.794,4,278.321,4,246.367,3,158.225
842,1411925348,3,2,105.184,4,349.919,3,176.539,5,315.622,3,208.493,3,176.539,4,228.053
843,1411925348,3,2,105.184,4,349.919,3,176.539,5,315.622,3,208.493,3,176.539,4,228.053
844,1411925348,3,2,105.184,4,349.919,3,176.539,5,315.622,3,208.493,3,176.539,4,228.053
845,1411925348,2,4,210.954,2,117.397,4,246.367,4,245.794,4,278.321,4,246.367,3,158.225
846,1411925348,2,4,210.954,2,117.397,4,246.367,4,245.794,4,278.321,4,246.367,3,158.225
847,1411925348,4,3,167.226,5,411.961,2,114.497,3,202.066,5,322.049,2,114.497,2,114.497
848,1411925348,3,2,105.184,4,349.919,3,176.539,5,315.622,3,208.493,3,176.539,4,228.053
849,1411925348,4,3,167.226,5,411.961,2,114.497,3,202.066,5,322.049,2,114.497,2,114.497
850,1411925348,0,1,0,1,0,1,0,1,0,1,0,1,0,1,0
851,1411925348,4,3,167.226,5,411.961,2,114.497,3,202.066,5,322.049,2,114.497,2,114.497
852,1411925348,2,4,210.954,2,117.397,4,246.367,4,245.794,4,278.321,4,246.367,3,158.225
853,1411925348,2,4,210.954,2,117.397,4,246.367,4,245.794,4,278.321,4,246.367,3,158.225
854,1411925348,0,1,0,1,0,1,0,1,0,1,0,1,0,1,0
855,1411925348,4,3,167.226,5,411.961,2,114.497,3,202.066,5,322.049,2,114.497,2,114.497
856,1411925348,2,4,210.954,2,117.397,4,246.367,4,245.794,4,278.321,4,246.367,3,158.225
857,1411925348,3,2,105.184,4,349.919,3,176.539,5,315.622,3,208.493,3,176.539,4,228.053
858,1411925348,4,3,167.226,5,411.961,2,114.497,3,202.066,5,322.049,2,114.497,2,114.497
859,1411925348,4,3,167.226,5,411.961,2,114.497,3,202.066,5,322.049,2,114.497,2,114.497
860,1411925348,4,3,167.226,5,411.961,2,114.497,3,202.066,5,322.049,2,114.497,2,114.497
861,1411925348,3,2,105.184,4,349.919,3,176.539,5,315.622,3,208.493,3,176.539,4,228.053
862,1411925348,3,2,105.184,4,349.919,3,176.539,5,315.622,3,208.493,3,176.539,4,228.053
863,1411925348,2,4,210.954,2,117.397,4,246.367,4,245.794,4,278.321,4,246.367,3,158.225
864,1411925348,3,2,105.184,4,349.919,3,176.539,5,315.622,3,208.493,3,176.539,4,228.053
865,1411925348,2,4,210.954,2,117.397,4,246.367,4,245.794,4,278.321,4,246.367,3,158.225
866,1411925348,3,2,105.184,4,349.919,3,176.539,5,315.622,3,208.493,3,176.539,4,228.053
867,1411925348,3,2,105.184,4,349.919,3,176.539,5,315.622,3,208.493,3,176.539,4,228.053
868,1411925348,0,1,0,1,0,1,0,1,0,1,0,1,0,1,0
869,1411925348,4,3,167.226,5,411.961,2,114.497,3,202.066,5,322.049,2,114.497,2,114.497
870,1411925348,3,2,105.184,4,349.919,3,176.539,5,315.622,3,208.493,3,176.539,4,228.053
871,1411925348,0,1,0,1,0,1,0,1,0,1,0,1,0,1,0
872,1411925348,0,1,0,1,0,1,0,1,0,1,0,1,0,1,0
873,1411925348,0,1,0,1,0,1,0,1,0,1,0,1,0,1,0
874,1411925348,4,3,167.226,5,411.961,2,114.497,3,202.066,5,322.049,2,114.497,2,114.497
875,1411925348,4,3,167.226,5,411.961,2,114.497,3,202.066,5,322.049,2,114.497,2,114.497
876,1411925348,3,2,105.184,4,349.919,3,176.539,5,315.622,3,208.493,3,176.539,4,228.053
877,1411925348,0,1,0,1,0,1,0,1,0,1,0,1,0,1,0
878,1411925348,3,2,105.184,4,349.919,3,176.539,5,315.622,3,208.493,3,176.539,4,228.053
879,1411925348,1,5,325.036,3,231.48,5,360.45,2,90.0538,2,90.0538,5,360.45,5,346.492
880,1411925348,0,1,0,1,0,1,0,1,0,1,0,1,0,1,0
881,1411925348,4,3,167.226,5,411.961,2,114.497,3,202.066,5,322.049,2,114.497,2,114.497
882,1411925348,0,1,0,1,0,1,0,1,0,1,0,1,0,1,0
883,1411925348,2,4,210.954,2,117.397,4,246.367,4,245.794,4,278.321,4,246.367,3,158.225
884,1411925348,1,5,325.036,3,231.48,5,360.45,2,90.0538,2,90.0538,5,360.45,5,346.492
885,1411925348,0,1,0,1,0,1,0,1,0,1,0,1,0,1,0
886,1411925348,1,5,325.036,3,231.48,5,360.45,2,90.0538,2,90.0538,5,360.45,5,346.492
887,1411925348,3,2,105.184,4,349.919,3,176.539,5,315.622,3,208.493,3,176.539,4,228.053
888,1411925348,4,3,167.226,5,411.961,2,114.497,3,202.066,5,322.049,2,114.497,2,114.497
889,1411925348,0,1,0,1,0,1,0,1,0,1,0,1,0,1,0
890,1411925348,2,4,210.954,2,117.397,4,246.367,4,245.794,4,278.321,4,246.367,3,158.225
891,1411925348,4,3,167.226,5,411.961,2,114.497,3,202.066,5,322.049,2,114.497,2,114.497
892,1411925348,4,3,167.226,5,411.961,2,114.497,3,202.066,5,322.049,2,114.497,2,114.497
893,1411925348,0,1,0,1,0,1,0,1,0,1,0,1,0,1,0
894,1411925348,1,5,325.036,3,231.48,5,360.45,2,90.0538,2,90.0538,5,360.45,5,346.492
895,1411925348,3,2,105.184,4,349.919,3,176.539,5,315.622,3,208.493,3,176.539,4,228.053
896,1411925348,3,2,105.184,4,349.919,3,176.539,5,315.622,3,208.493,3,176.539,4,228.053
897,1411925348,4,3,167.226,5,411.961,2,114.497,3,202.066,5,322.049,2,114.497,2,114.497
898,1411925348,1,5,325.036,3,231.48,5,360.45,2,90.0538,2,90.0538,5,360.45,5,346.492
899,1411925348,3,2,105.184,4,349.919,3,176.539,5,315.622,3,208.493,3,176.539,4,228.053
900,1411925348,3,2,105.184,4,349.919,3,176.539,5,315.622,3,208.493,3,176.539,4,228.053
901,1411925348,4,3,167.226,5,411.961,2,114.497,3,202.066,5,322.049,2,114.497,2,114.497
902,1411925348,4,3,167.226,5,411.961,2,114.497,3,202.066,5,322.049,2,114.497,2,114.497
903,1411925348,4,3,167.226,5,411.961,2,114.497,3,202.066,5,322.049,2,114.497,2,114.497
904,1411925348,0,1,0,1,0,1,0,1,0,1,0,1,0,1,0
905,1411925348,3,2,105.184,4,349.919,3,176.539,5,315.622,3,208.493,3,176.539,4,228.053
906,1411925348,3,2,105.184,4,349.919,3,176.539,5,315.622,3,208.493,3,176.539,4,228.053
907,1411925348,4,3,167.226,5,411.961,2,114.497,3,202.066,5,322.049,2,114.497,2,114.497
908,1411925348,4,3,167.226,5,411.961,2,114.497,3,202.066,5,322.049,2,114.497,2,114.497
909,1411925348,1,5,325.036,3,231.48,5,360.45,2,90.0538,2,90.0538,5,360.45,5,346.492
910,1411925348,0,1,0,1,0,1,0,1,0,1,0,1,0,1,0
911,1411925348,4,3,167.226,5,411.961,2,114.497,3,202.066,5,322.049,2,114.497,2,114.497
912,1411925348,0,1,0,1,0,1,0,1,0,1,0,1,0,1,0
913,1411925348,0,1,0,1,0,1,0,1,0,1,0,1,0,1,0
914,1411925348,2,4,210.954,2,117.397,4,246.367,4,245.794,4,278.321,4,246.367,3,158.225
915,1411925348,2,4,210.954,2,117.397,4,246.367,4,245.794,4,278.321,4,246.367,3,158.225
916,1411925348,2,4,210.954,2,117.397,4,246.367,4,245.794,4,278.321,4,246.367,3,158.225
917,1411925348,3,2,105.184,4,349.919,3,176.539,5,315.622,3,208.493,3,176.539,4,228.053
918,1411925348,0,1,0,1,0,1,0,1,0,1,0,1,0,1,0
919,1411925348,1,5,325.036,3,231.48,5,360.45,2,90.0538,2,90.0538,5,360.45,5,346.492
920,1411925348,4,3,167.226,5,411.961,2,114.497,3,202.066,5,322.049,2,114.497,2,114.497
921,1411925348,3,2,105.184,4,349.919,3,176.539,5,315.622,3,208.493,3,176.539,4,228.053
922,1411925348,0,1,0,1,0,1,0,1,0,1,0,1,0,1,0
923,1411925348,4,3,167.226,5,411.961,2,114.497,3,202.066,5,322.049,2,114.497,2,114.497
924,1411925348,3,2,105.184,4,349.919,3,176.539,5,315.622,3,208.493,3,176.539,4,228.053
925,1411925348,2,4,210.954,2,117.397,4,246.367,4,245.794,4,278.321,4,246.367,3,158.225
926,1411925348,2,4,210.954,2,117.397,4,246.367,4,245.794,4,278.321,4,246.367,3,158.225
927,1411925348,2,4,210.954,2,117.397,4,246.367,4,245.794,4,278.321,4,246.367,3,158.225
928,1411925348,1,5,325.036,3,231.48,5,360.45,2,90.0538,2,90.0538,5,360.45,5,346.492
929,1411925348,3,2,105.184,4,349.919,3,176.539,5,315.622,3,208.493,3,176.539,4,228.053
930,1411925348,0,1,0,1,0,1,0,1,0,1,0,1,0,1,0
931,1411925348,4,3,167.226,5,411.961,2,114.497,3,202.066,5,322.049,2,114.497,2,114.497
932,1411925348,2,4,210.954,2,117.397,4,246.367,4,245.794,4,278.321,4,246.367,3,158.225
933,1411925348,4,3,167.226,5,411.961,2,114.497,3,202.066,5,322.049,2,114.497,2,114.497
934,1411925348,3,2,105.184,4,349.919,3,176.539,5,315.622,3,208.493,3,176.539,4,228.053
935,1411925348,2,4,210.954,2,117.397,4,246.367,4,245.794,4,278.321,4,246.367,3,158.225
936,1411925348,2,4,210.954,2,117.397,4,246.367,4,245.794,4,278.321,4,246.367,3,158.225
937,1411925348,1,5,325.036,3,231.48,5,360.45,2,90.0538,2,90.0538,5,360.45,5,346.492
938,1411925348,0,1,0,1,0,1,0,1,0,1,0,1,0,1,0
939,1411925348,1,5,325.036,3,231.48,5,360.45,2,90.0538,2,90.0538,5,360.45,5,346.492
940,1411925348,3,2,105.184,4,349.919,3,176.539,5,315.622,3,208.493,3,176.539,4,228.053
941,1411925348,1,5,325.036,3,231.48,5,360.45,2,90.0538,2,90.0538,5,360.45,5,346.492
942,1411925348,0,1,0,1,0,1,0,1,0,1,0,1,0,1,0
943,1411925348,3,2,105.184,4,349.919,3,176.539,5,315.622,3,208.493,3,176.539,4,228.053
944,1411925348,2,4,210.954,2,117.397,4,246.367,4,245.794,4,278.321,4,246.367,3,158.225
945,1411925348,2,4,210.954,2,117.397,4,246.367,4,245.794,4,278.321,4,246.367,3,158.225
946,1411925348,0,1,0,1,0,1,0,1,0,1,0,1,0,1,0
947,1411925348,4,3,167.226,5,411.961,2,114.497,3,202.066,5,322.049,2,114.497,2,114.497
948,1411925348,0,1,0,1,0,1,0,1,0,1,0,1,0,1,0
949,1411925348,1,5,325.036,3,231.48,5,360.45,2,90.0538,2,90.0538,5,360.45,5,346.492
950,1411925348,0,1,0,1,0,1,0,1,0,1,0,1,0,1,0
951,1411925348,0,1,0,1,0,1,0,1,0,1,0,1,0,1,0
952,1411925348,4,3,167.226,5,411.961,2,114.497,3,202.066,5,322.049,2,114.497,2,114.497
953,1411925348,1,5,325.036,3,231.48,5,360.45,2,90.0538,2,90.0538,5,360.45,5,346.492
954,1411925348,4,3,167.226,5,411.961,2,114.497,3,202.066,5,322.049,2,114.497,2,114.497
955,1411925348,3,2,105.184,4,349.919,3,176.539,5,315.622,3,208.493,3,176.539,4,228.053
956,1411925348,3,2,105.184,4,349.919,3,176.539,5,315.622,3,208.493,3,176.539,4,228.053
957,1411925348,0,1,0,1,0,1,0,1,0,1,0,1,0,1,0
958,1411925348,0,1,0,1,0,1,0,1,0,1,0,1,0,1,0
959,1411925348,4,3,167.226,5,411.961,2,114.497,3,202.066,5,322.049,2,114.497,2,114.497
960,1411925348,4,3,167.226,5,411.961,2,114.497,3,202.066,5,322.049,2,114.497,2,114.497
961,1411925348,0,1,0,1,0,1,0,1,0,1,0,1,0,1,0
962,1411925348,4,3,167.226,5,411.961,2,114.497,3,202.066,5,322.049,2,114.497,2,114.497
963,1411925348,0,1,0,1,0,1,0,1,0,1,0,1,0,1,0
964,1411925348,4,3,167.226,5,411.961,2,114.497,3,202.066,5,322.049,2,114.497,2,114.497
965,1411925348,2,4,210.954,2,117.397,4,246.367,4,245.794,4,278.321,4,246.367,3,158.225
966,1411925348,3,2,105.184,4,349.919,3,176.539,5,315.622,3,208.493,3,176.539,4,228.053
967,1411925348,2,4,210.954,2,117.397,4,246.367,4,245.794,4,278.321,4,246.367,3,158.225
968,1411925348,4,3,167.226,5,411.961,2,114.497,3,202.066,5,322.049,2,114.497,2,114.497
969,1411925348,4,3,167.226,5,411.961,2,114.497,3,202.066,5,322.049,2,114.497,2,114.497
970,1411925348,3,2,105.184,4,349.919,3,176.539,5,315.622,3,208.493,3,176.539,4,228.053
971,1411925348,2,4,210.954,2,117.397,4,246.367,4,245.794,4,278.321,4,246.367,3,158.225
972,1411925348,0,1,0,1,0,1,0,1,0,1,0,1,0,1,0
973,1411925348,4,3,167.226,5,411.961,2,114.497,3,202.066,5,322.049,2,114.497,2,114.497
974,1411925348,0,1,0,1,0,1,0,1,0,1,0,1,0,1,0
975,1411925348,3,2,105.184,4,349.919,3,176.539,5,315.622,3,208.493,3,176.539,4,228.053
976,1411925348,1,5,325.036,3,231.48,5,360.45,2,90.0538,2,90.0538,5,360.45,5,346.492
977,1411925348,2,4,210.954,2,117.397,4,246.367,4,245.794,4,278.321,4,246.367,3,158.225
978,1411925348,2,4,210.954,2,117.397,4,246.367,4,245.794,4,278.321,4,246.367,3,158.225
979,1411925348,2,4,210.954,2,117.397,4,246.367,4,245.794,4,278.321,4,246.367,3,158.225
980,1411925348,3,2,105.184,4,349.919,3,176.539,5,315.622,3,208.493,3,176.539,4,228.053
981,1411925348,3,2,105.184,4,349.919,3,176.539,5,315.622,3,208.493,3,176.539,4,228.053
982,1411925348,2,4,210.954,2,117.397,4,246.367,4,245.794,4,278.321,4,246.367,3,158.225
983,1411925348,2,4,210.954,2,117.397,4,246.367,4,245.794,4,278.321,4,246.367,3,158.225
984,1411925348,0,1,0,1,0,1,0,1,0,1,0,1,0,1,0
985,1411925348,1,5,325.036,3,231.48,5,360.45,2,90.0538,2,90.0538,5,360.45,5,346.492
986,1411925348,0,1,0,1,0,1,0,1,0,1,0,1,0,1,0
987,1411925348,3,2,105.184,4,349.919,3,176.539,5,315.622,3,208.493,3,176.539,4,228.053
988,1411925348,2,4,210.954,2,117.397,4,246.367,4,245.794,4,278.321,4,246.367,3,158.225
989,1411925348,1,5,325.036,3,231.48,5,360.45,2,90.0538,2,90.0538,5,360.45,5,346.492
990,1411925348,3,2,105.184,4,349.919,3,176.539,5,315.622,3,208.493,3,176.539,4,228.053
991,1411925348,0,1,0,1,0,1,0,1,0,1,0,1,0,1,0
992,1411925348,2,4,210.954,2,117.397,4,246.367,4,245.794,4,278.321,4,246.367,3,158.225
993,1411925348,2,4,210.954,2,117.397,4,246.367,4,245.794,4,278.321,4,246.367,3,158.225
994,1411925348,2,4,210.954,2,117.397,4,246.367,4,245.794,4,278.321,4,246.367,3,158.225
995,1411925348,2,4,210.954,2,117.397,4,246.367,4,245.794,4,278.321,4,246.367,3,158.225
996,1411925348,0,1,0,1,0,1,0,1,0,1,0,1,0,1,0
997,1411925348,0,1,0,1,0,1,0,1,0,1,0,1,0,1,0
998,1411925348,4,3,167.226,5,411.961,2,114.497,3,202.066,5,322.049,2,114.497,2,114.497
999,1411925348,4,3,167.226,5,411.961,2,114.497,3,202.066,5,322.049,2,114.497,2,114.497
