mapH14002.jpg
14
391 239
387 325
304 287
183 309
118 258
70 215
428 60
387 128
528 253
232 293
460 322
433 219
467 137
46 268
0 87.2426 107.054 238.853 288.912 348.51 193.912 114.728 170.267 184.811 120.882 177.681 165.184 385.309
87.2426 0 98.4975 241.895 316.284 375.882 281.569 202.385 190.936 186.61 128.125 198.35 252.841 412.681
107.054 98.4975 0 143.569 195.284 254.882 297.037 217.853 253.368 88.6985 196.113 260.782 268.309 291.681
238.853 241.895 143.569 0 123.426 183.024 430.007 350.823 386.752 83.4264 331.154 394.167 401.279 219.823
288.912 316.284 195.284 123.426 0 67.5686 478.895 399.711 435.64 133.971 380.87 443.054 450.167 102.297
348.51 375.882 254.882 183.024 67.5686 0 544.292 465.108 501.037 199.368 446.267 508.451 515.564 62.5269
193.912 281.569 297.037 430.007 478.895 544.292 0 84.5686 261.51 376.794 305.924 194.225 108.556 577.291
114.728 202.385 217.853 350.823 399.711 465.108 84.5686 0 204.652 297.61 234.368 137.368 81 498.108
170.267 190.936 253.368 386.752 435.64 501.037 261.51 204.652 0 334.439 159.225 120.569 158.468 535.35
184.811 186.61 88.6985 83.4264 133.971 199.368 376.794 297.61 334.439 0 276.284 340.125 347.238 233.61
120.882 128.125 196.113 331.154 380.87 446.267 305.924 234.368 159.225 276.284 0 166.983 204.882 480.924
177.681 198.35 260.782 394.167 443.054 508.451 194.225 137.368 120.569 340.125 166.983 0 95.6691 539.865
165.184 252.841 268.309 401.279 450.167 515.564 108.556 81 158.468 347.238 204.882 95.6691 0 548.149
385.309 412.681 291.681 219.823 102.297 62.5269 577.291 498.108 535.35 233.61 480.924 539.865 548.149 0

