Nodes,Repetition,System Time,Object at Room,Starting At Node,Shortest Distance,Worst Distance,Rooms Explored (Optimal),Traveled Distance (Optimal),Rooms Explored (Worst),Traveled Distance (Worst),Rooms Explored (OptimalExpected),Traveled Distance (OptimalExpected),Rooms Explored (WorstExpected),Traveled Distance (WorstExpected),Rooms Explored (OptimalExpectedHeuristic),Traveled Distance (OptimalExpectedHeuristic),Rooms Explored (MostProbable),Traveled Distance (MostProbable),Rooms Explored (Closest),Traveled Distance (Closest),Rooms Explored (Random),Traveled Distance (Random),Rooms Explored (MCTS-UCT),Traveled Distance (MCTS-UCT),Rooms Explored (ExpectedDistanceFixed),Traveled Distance (ExpectedDistanceFixed),Rooms Explored (ExpectedDistanceMurrieta),Traveled Distance (ExpectedDistanceMurrieta),Rooms Explored (ExpectedDistanceSimple),Traveled Distance (ExpectedDistanceSimple),Rooms Explored (PartialOptimalHeuristic),Traveled Distance (PartialOptimalHeuristic)
3,0,1427131585,1,0,1503.59,1522.76,2,940.098,3,1522.76,2,940.098,3,1522.76,2,940.098,2,940.098,3,1522.76,2,940.098,2,940.098,2,940.098,2,940.098,2,940.098
3,1,1427131585,0,0,1503.59,1522.76,1,603.268,1,603.268,1,603.268,1,603.268,1,603.268,1,603.268,1,603.268,1,603.268,1,603.268,1,603.268,1,603.268,1,603.268
3,2,1427131585,1,0,1503.59,1522.76,2,940.098,3,1522.76,2,940.098,3,1522.76,2,940.098,2,940.098,3,1522.76,2,940.098,2,940.098,2,940.098,2,940.098,2,940.098
3,3,1427131585,0,0,1503.59,1522.76,1,603.268,1,603.268,1,603.268,1,603.268,1,603.268,1,603.268,1,603.268,1,603.268,1,603.268,1,603.268,1,603.268,1,603.268
3,4,1427131585,1,0,1503.59,1522.76,2,940.098,3,1522.76,2,940.098,3,1522.76,2,940.098,2,940.098,3,1522.76,2,940.098,2,940.098,2,940.098,2,940.098,2,940.098
3,5,1427131585,2,0,1503.59,1522.76,3,1503.59,2,1212.22,3,1503.59,2,1212.22,3,1503.59,3,1503.59,2,1212.22,3,1503.59,3,1503.59,3,1503.59,3,1503.59,3,1503.59
3,6,1427131585,2,0,1503.59,1522.76,3,1503.59,2,1212.22,3,1503.59,2,1212.22,3,1503.59,3,1503.59,2,1212.22,3,1503.59,3,1503.59,3,1503.59,3,1503.59,3,1503.59
3,7,1427131585,1,0,1503.59,1522.76,2,940.098,3,1522.76,2,940.098,3,1522.76,2,940.098,2,940.098,3,1522.76,2,940.098,2,940.098,2,940.098,2,940.098,2,940.098
3,8,1427131585,1,0,1503.59,1522.76,2,940.098,3,1522.76,2,940.098,3,1522.76,2,940.098,2,940.098,3,1522.76,2,940.098,2,940.098,2,940.098,2,940.098,2,940.098
3,9,1427131585,0,0,1503.59,1522.76,1,603.268,1,603.268,1,603.268,1,603.268,1,603.268,1,603.268,1,603.268,1,603.268,1,603.268,1,603.268,1,603.268,1,603.268
4,0,1427131587,1,0,2020.62,2146.27,3,1312.44,4,2146.27,2,932.419,4,2146.27,2,932.419,3,1312.44,4,2146.27,2,932.419,2,932.419,2,932.419,2,932.419,2,932.419
4,1,1427131587,0,0,2020.62,2146.27,1,560.523,1,560.523,1,560.523,1,560.523,1,560.523,1,560.523,1,560.523,1,560.523,1,560.523,1,560.523,1,560.523,1,560.523
4,2,1427131587,0,0,2020.62,2146.27,1,560.523,1,560.523,1,560.523,1,560.523,1,560.523,1,560.523,1,560.523,1,560.523,1,560.523,1,560.523,1,560.523,1,560.523
4,3,1427131587,1,0,2020.62,2146.27,3,1312.44,4,2146.27,2,932.419,4,2146.27,2,932.419,3,1312.44,4,2146.27,2,932.419,2,932.419,2,932.419,2,932.419,2,932.419
4,4,1427131587,3,0,2020.62,2146.27,2,937.583,3,1771.41,4,2097.81,3,1771.41,4,2097.81,2,937.583,3,1771.41,4,2097.81,4,2097.81,4,2097.81,4,2097.81,3,1325.15
4,5,1427131587,0,0,2020.62,2146.27,1,560.523,1,560.523,1,560.523,1,560.523,1,560.523,1,560.523,1,560.523,1,560.523,1,560.523,1,560.523,1,560.523,1,560.523
4,6,1427131587,0,0,2020.62,2146.27,1,560.523,1,560.523,1,560.523,1,560.523,1,560.523,1,560.523,1,560.523,1,560.523,1,560.523,1,560.523,1,560.523,1,560.523
4,7,1427131587,0,0,2020.62,2146.27,1,560.523,1,560.523,1,560.523,1,560.523,1,560.523,1,560.523,1,560.523,1,560.523,1,560.523,1,560.523,1,560.523,1,560.523
4,8,1427131587,1,0,2020.62,2146.27,3,1312.44,4,2146.27,2,932.419,4,2146.27,2,932.419,3,1312.44,4,2146.27,2,932.419,2,932.419,2,932.419,2,932.419,2,932.419
4,9,1427131587,0,0,2020.62,2146.27,1,560.523,1,560.523,1,560.523,1,560.523,1,560.523,1,560.523,1,560.523,1,560.523,1,560.523,1,560.523,1,560.523,1,560.523
5,0,1427131589,0,0,3101.27,3299.99,1,548.362,1,548.362,1,548.362,1,548.362,1,548.362,1,548.362,1,548.362,1,548.362,1,548.362,1,548.362,1,548.362,1,548.362
5,1,1427131589,1,0,3101.27,3299.99,2,1052.68,3,1918.2,2,1052.68,5,3208.67,2,1052.68,2,1052.68,2,1052.68,2,1052.68,2,1052.68,2,1052.68,2,1052.68,2,1052.68
5,2,1427131589,3,0,3101.27,3299.99,5,3101.27,4,2805.44,4,2411.44,3,2144.41,4,2411.44,5,3101.27,4,2411.44,4,2411.44,4,2411.44,4,2411.44,4,2411.44,4,2411.44
5,3,1427131589,2,0,3101.27,3299.99,3,1596.98,5,3299.99,3,1596.98,4,2638.97,3,1596.98,3,1596.98,3,1596.98,3,1596.98,3,1596.98,3,1596.98,3,1596.98,3,1596.98
5,4,1427131589,2,0,3101.27,3299.99,3,1596.98,5,3299.99,3,1596.98,4,2638.97,3,1596.98,3,1596.98,3,1596.98,3,1596.98,3,1596.98,3,1596.98,3,1596.98,3,1596.98
5,5,1427131589,0,0,3101.27,3299.99,1,548.362,1,548.362,1,548.362,1,548.362,1,548.362,1,548.362,1,548.362,1,548.362,1,548.362,1,548.362,1,548.362,1,548.362
5,6,1427131589,2,0,3101.27,3299.99,3,1596.98,5,3299.99,3,1596.98,4,2638.97,3,1596.98,3,1596.98,3,1596.98,3,1596.98,3,1596.98,3,1596.98,3,1596.98,3,1596.98
5,7,1427131589,3,0,3101.27,3299.99,5,3101.27,4,2805.44,4,2411.44,3,2144.41,4,2411.44,5,3101.27,4,2411.44,4,2411.44,4,2411.44,4,2411.44,4,2411.44,4,2411.44
5,8,1427131589,4,0,3101.27,3299.99,4,2268.48,2,1311.62,5,3137.86,2,1311.62,5,3137.86,4,2268.48,5,3137.86,5,3137.86,5,3137.86,5,3137.86,5,3137.86,5,3137.86
5,9,1427131589,3,0,3101.27,3299.99,5,3101.27,4,2805.44,4,2411.44,3,2144.41,4,2411.44,5,3101.27,4,2411.44,4,2411.44,4,2411.44,4,2411.44,4,2411.44,4,2411.44
6,0,1427131593,5,0,3262.07,3497.92,5,2404.24,2,844.344,6,3263.61,2,844.344,6,3277.3,5,2404.24,6,3411.67,6,3263.61,6,3277.3,6,3270.28,6,3263.61,5,2480.49
6,1,1427131593,4,0,3262.07,3497.92,4,1884.81,4,2201.37,5,2744.19,3,1626.08,5,2757.87,4,1884.81,2,1105.04,5,2744.19,5,2757.87,4,1884.81,5,2744.19,6,3262.23
6,2,1427131593,1,0,3262.07,3497.92,2,673.109,3,1351.83,2,673.109,6,3346.87,2,673.109,2,673.109,3,1604.29,2,673.109,2,673.109,2,673.109,2,673.109,2,673.109
6,3,1427131593,1,0,3262.07,3497.92,2,673.109,3,1351.83,2,673.109,6,3346.87,2,673.109,2,673.109,3,1604.29,2,673.109,2,673.109,2,673.109,2,673.109,2,673.109
6,4,1427131593,0,0,3262.07,3497.92,1,271.704,1,271.704,1,271.704,1,271.704,1,271.704,1,271.704,1,271.704,1,271.704,1,271.704,1,271.704,1,271.704,1,271.704
6,5,1427131593,2,0,3262.07,3497.92,6,3262.07,5,3060.59,4,1954.24,4,2485.3,3,1571.63,6,3262.07,5,2885.41,4,1954.24,3,1571.63,5,2744.03,4,1954.24,4,1954.24
6,6,1427131593,2,0,3262.07,3497.92,6,3262.07,5,3060.59,4,1954.24,4,2485.3,3,1571.63,6,3262.07,5,2885.41,4,1954.24,3,1571.63,5,2744.03,4,1954.24,4,1954.24
6,7,1427131593,3,0,3262.07,3497.92,3,1135.9,6,3497.92,3,1135.9,5,2922.64,4,2008.96,3,1135.9,4,2067.07,3,1135.9,4,2008.96,3,1135.9,3,1135.9,3,1135.9
6,8,1427131593,1,0,3262.07,3497.92,2,673.109,3,1351.83,2,673.109,6,3346.87,2,673.109,2,673.109,3,1604.29,2,673.109,2,673.109,2,673.109,2,673.109,2,673.109
6,9,1427131593,1,0,3262.07,3497.92,2,673.109,3,1351.83,2,673.109,6,3346.87,2,673.109,2,673.109,3,1604.29,2,673.109,2,673.109,2,673.109,2,673.109,2,673.109
7,0,1427131596,1,0,3828.63,4374.04,2,1141.94,6,3482,2,1141.94,6,3727.81,2,1141.94,2,1141.94,5,3234.04,2,1141.94,2,1141.94,2,1141.94,2,1141.94,2,1141.94
7,1,1427131596,4,0,3828.63,4374.04,6,3369.03,2,1135.78,5,2868.91,5,3077.86,5,2868.91,6,3378.49,6,3768.61,5,2868.91,5,2868.91,6,3378.49,4,2102.14,4,2102.14
7,2,1427131596,3,0,3828.63,4374.04,5,2950.74,7,4374.04,4,2450.61,4,2659.57,4,2450.61,4,2450.61,4,2581.79,4,2450.61,4,2450.61,4,2450.61,5,2875.6,6,3391.54
7,3,1427131596,1,0,3828.63,4374.04,2,1141.94,6,3482,2,1141.94,6,3727.81,2,1141.94,2,1141.94,5,3234.04,2,1141.94,2,1141.94,2,1141.94,2,1141.94,2,1141.94
7,4,1427131596,1,0,3828.63,4374.04,2,1141.94,6,3482,2,1141.94,6,3727.81,2,1141.94,2,1141.94,5,3234.04,2,1141.94,2,1141.94,2,1141.94,2,1141.94,2,1141.94
7,5,1427131596,0,0,3828.63,4374.04,1,615.076,1,615.076,1,615.076,1,615.076,1,615.076,1,615.076,1,615.076,1,615.076,1,615.076,1,615.076,1,615.076,1,615.076
7,6,1427131596,0,0,3828.63,4374.04,1,615.076,1,615.076,1,615.076,1,615.076,1,615.076,1,615.076,1,615.076,1,615.076,1,615.076,1,615.076,1,615.076,1,615.076
7,7,1427131596,5,0,3828.63,4374.04,7,3828.63,4,2179.3,6,3328.5,3,1829.76,6,3328.5,7,3838.08,2,1236.28,6,3328.5,6,3328.5,7,3838.08,7,3905.55,5,2561.73
7,8,1427131596,0,0,3828.63,4374.04,1,615.076,1,615.076,1,615.076,1,615.076,1,615.076,1,615.076,1,615.076,1,615.076,1,615.076,1,615.076,1,615.076,1,615.076
7,9,1427131597,1,0,3828.63,4374.04,2,1141.94,6,3482,2,1141.94,6,3727.81,2,1141.94,2,1141.94,5,3234.04,2,1141.94,2,1141.94,2,1141.94,2,1141.94,2,1141.94
8,0,1427131601,3,0,5338.17,6415.38,4,2707.44,8,6415.38,4,2707.44,8,6301.18,4,2707.44,2,995.044,5,4012.4,4,2707.44,4,2707.44,4,2707.44,2,995.044,2,995.044
8,1,1427131601,3,0,5338.17,6415.38,4,2707.44,8,6415.38,4,2707.44,8,6301.18,4,2707.44,2,995.044,5,4012.4,4,2707.44,4,2707.44,4,2707.44,2,995.044,2,995.044
8,2,1427131601,1,0,5338.17,6415.38,2,1278.15,6,4690.97,2,1278.15,7,5618.12,2,1278.15,7,4741.8,3,2287.99,2,1278.15,2,1278.15,2,1278.15,3,1952.09,4,2698.33
8,3,1427131601,1,0,5338.17,6415.38,2,1278.15,6,4690.97,2,1278.15,7,5618.12,2,1278.15,7,4741.8,3,2287.99,2,1278.15,2,1278.15,2,1278.15,3,1952.09,4,2698.33
8,4,1427131601,1,0,5338.17,6415.38,2,1278.15,6,4690.97,2,1278.15,7,5618.12,2,1278.15,7,4741.8,3,2287.99,2,1278.15,2,1278.15,2,1278.15,3,1952.09,4,2698.33
8,5,1427131601,0,0,5338.17,6415.38,1,396.44,1,396.44,1,396.44,1,396.44,1,396.44,1,396.44,1,396.44,1,396.44,1,396.44,1,396.44,1,396.44,1,396.44
8,6,1427131601,0,0,5338.17,6415.38,1,396.44,1,396.44,1,396.44,1,396.44,1,396.44,1,396.44,1,396.44,1,396.44,1,396.44,1,396.44,1,396.44,1,396.44
8,7,1427131601,5,0,5338.17,6415.38,7,4636.98,5,3627.09,6,4004.16,6,4554.24,6,4004.16,4,2096.36,8,6245.85,6,4004.16,6,4004.16,6,3808.75,5,3395.88,5,3397.95
8,8,1427131601,0,0,5338.17,6415.38,1,396.44,1,396.44,1,396.44,1,396.44,1,396.44,1,396.44,1,396.44,1,396.44,1,396.44,1,396.44,1,396.44,1,396.44
8,9,1427131601,1,0,5338.17,6415.38,2,1278.15,6,4690.97,2,1278.15,7,5618.12,2,1278.15,7,4741.8,3,2287.99,2,1278.15,2,1278.15,2,1278.15,3,1952.09,4,2698.33
9,0,1427131608,2,0,6843.79,8581.97,5,3196.54,8,7647.58,3,1476.52,8,7916.13,3,1476.52,8,5488.35,5,5201.7,3,1476.52,3,1476.52,3,1476.52,3,1476.52,3,1476.52
9,1,1427131608,2,0,6843.79,8581.97,5,3196.54,8,7647.58,3,1476.52,8,7916.13,3,1476.52,8,5488.35,5,5201.7,3,1476.52,3,1476.52,3,1476.52,3,1476.52,3,1476.52
9,2,1427131608,1,0,6843.79,8581.97,4,2486.51,4,4188.63,2,766.48,9,8334.67,2,766.48,7,4778.32,8,7482.48,2,766.48,2,766.48,2,766.48,2,766.48,2,766.48
9,3,1427131608,1,0,6843.79,8581.97,4,2486.51,4,4188.63,2,766.48,9,8334.67,2,766.48,7,4778.32,8,7482.48,2,766.48,2,766.48,2,766.48,2,766.48,2,766.48
9,4,1427131608,1197633394,0,6843.79,8581.97,9,6843.79,9,8581.97,9,6853.67,9,8334.67,9,6853.67,9,6963.6,9,8417.06,9,6853.67,9,6853.67,9,6980.22,9,6853.67,9,7055.45
9,5,1427131608,0,0,6843.79,8581.97,1,304.594,1,304.594,1,304.594,1,304.594,1,304.594,1,304.594,1,304.594,1,304.594,1,304.594,1,304.594,1,304.594,1,304.594
9,6,1427131608,4,0,6843.79,8581.97,3,1913.65,6,5986.87,5,3190.82,5,5259.92,5,3190.82,6,4205.46,4,4336.42,5,3190.82,5,3190.82,8,5493.38,5,3190.82,5,3190.82
9,7,1427131608,1,0,6843.79,8581.97,4,2486.51,4,4188.63,2,766.48,9,8334.67,2,766.48,7,4778.32,8,7482.48,2,766.48,2,766.48,2,766.48,2,766.48,2,766.48
9,8,1427131608,7,0,6843.79,8581.97,8,5348.26,7,6646.22,8,5358.13,4,4171.91,8,5358.13,4,2340.31,6,5845.45,8,5358.13,8,5358.13,6,3628.23,8,5358.13,6,3850.17
9,9,1427131608,1,0,6843.79,8581.97,4,2486.51,4,4188.63,2,766.48,9,8334.67,2,766.48,7,4778.32,8,7482.48,2,766.48,2,766.48,2,766.48,2,766.48,2,766.48
10,0,1427131621,1,0,7421.5,8923.96,2,1333.66,3,2390.82,2,1333.66,10,8313.69,3,1999.2,10,7612.42,8,6976.29,2,1333.66,3,1999.2,10,7750.79,2,1333.66,2,1333.66
10,1,1427131621,1,0,7421.5,8923.96,2,1333.66,3,2390.82,2,1333.66,10,8313.69,3,1999.2,10,7612.42,8,6976.29,2,1333.66,3,1999.2,10,7750.79,2,1333.66,2,1333.66
10,2,1427131621,8,0,7421.5,8923.96,6,4010.24,10,8923.96,8,6333.13,4,2904.2,9,7228.8,3,1868.68,6,5577.04,8,6333.13,8,6384.85,5,3417.98,8,5889.76,8,5736.96
10,3,1427131621,3,0,7421.5,8923.96,4,2803.83,9,8042.88,4,2803.83,7,5862.97,4,2855.56,9,6984.05,3,2721.99,4,2803.83,4,2855.56,3,2211.57,4,2803.83,4,2803.83
10,4,1427131621,2,0,7421.5,8923.96,3,2030.89,5,4472.34,3,2030.89,9,7753.12,2,1438.63,8,6211.11,7,6415.71,3,2030.89,2,1438.63,2,1438.63,3,2030.89,3,2030.89
10,5,1427131621,1,0,7421.5,8923.96,2,1333.66,3,2390.82,2,1333.66,10,8313.69,3,1999.2,10,7612.42,8,6976.29,2,1333.66,3,1999.2,10,7750.79,2,1333.66,2,1333.66
10,6,1427131621,5,0,7421.5,8923.96,10,7421.5,4,3541.17,6,4639.4,5,3829.83,6,4691.13,7,5279.93,5,4801.89,6,4639.4,6,4691.13,7,5067.14,6,4639.4,7,4961.8
10,7,1427131621,8,0,7421.5,8923.96,6,4010.24,10,8923.96,8,6333.13,4,2904.2,9,7228.8,3,1868.68,6,5577.04,8,6333.13,8,6384.85,5,3417.98,8,5889.76,8,5736.96
10,8,1427131621,6,0,7421.5,8923.96,8,5699.21,8,7007.09,7,5636.75,6,4827.17,7,5688.47,5,3557.65,2,1686.2,7,5636.75,7,5688.47,8,6064.48,9,6734.79,9,6581.99
10,9,1427131621,6,0,7421.5,8923.96,8,5699.21,8,7007.09,7,5636.75,6,4827.17,7,5688.47,5,3557.65,2,1686.2,7,5636.75,7,5688.47,8,6064.48,9,6734.79,9,6581.99
11,0,1427131678,3,0,7319.95,9528.28,10,6866.27,6,5103.68,4,2562.43,9,8024.31,4,2773.98,7,4827.17,4,3050.04,4,2562.43,5,3921.21,7,4827.17,5,3132.07,5,3132.07
11,1,1427131678,4,0,7319.95,9528.28,11,7319.95,2,1369.06,5,3016.11,7,5822.92,5,3227.66,8,5280.85,7,5198.94,5,3016.11,7,5388.88,8,5280.85,4,2270.36,4,2270.36
11,2,1427131678,1,0,7319.95,9528.28,7,4663.29,11,9528.28,2,1149.18,10,8741.02,3,1796.58,2,1149.18,5,3766.75,2,1149.18,2,1149.18,2,1149.18,2,1149.18,2,1149.18
11,3,1427131678,1,0,7319.95,9528.28,7,4663.29,11,9528.28,2,1149.18,10,8741.02,3,1796.58,2,1149.18,5,3766.75,2,1149.18,2,1149.18,2,1149.18,2,1149.18,2,1149.18
11,4,1427131678,1,0,7319.95,9528.28,7,4663.29,11,9528.28,2,1149.18,10,8741.02,3,1796.58,2,1149.18,5,3766.75,2,1149.18,2,1149.18,2,1149.18,2,1149.18,2,1149.18
11,5,1427131678,7,0,7319.95,9528.28,3,1733.5,7,5975.79,8,5547.15,8,6798.97,8,5758.7,10,7065.09,9,6701.66,8,5547.15,8,6364.93,10,7065.09,7,4753.04,7,4753.04
11,6,1427131678,7,0,7319.95,9528.28,3,1733.5,7,5975.79,8,5547.15,8,6798.97,8,5758.7,10,7065.09,9,6701.66,8,5547.15,8,6364.93,10,7065.09,7,4753.04,7,4753.04
11,7,1427131678,3,0,7319.95,9528.28,10,6866.27,6,5103.68,4,2562.43,9,8024.31,4,2773.98,7,4827.17,4,3050.04,4,2562.43,5,3921.21,7,4827.17,5,3132.07,5,3132.07
11,8,1427131678,5,0,7319.95,9528.28,9,5960.74,8,7044.47,6,3986.3,5,3871.31,6,4197.84,5,3451.11,6,4599.57,6,3986.3,6,4789.51,5,3451.11,6,4000.38,6,4000.38
11,9,1427131678,3,0,7319.95,9528.28,10,6866.27,6,5103.68,4,2562.43,9,8024.31,4,2773.98,7,4827.17,4,3050.04,4,2562.43,5,3921.21,7,4827.17,5,3132.07,5,3132.07
12,0,1427132367,6,0,8621.91,11369.2,9,6012.53,4,3083.63,7,5654.02,8,6824.7,7,6260.29,8,5622.2,2,1209.67,7,5663.96,6,4770.61,9,7065.97,5,3394.22,5,3394.22
12,1,1427132367,7,0,8621.91,11369.2,8,5411.71,2,1044.78,8,6081.27,4,2923.5,8,6687.55,9,6049.45,7,5814.05,8,6091.21,9,7372.95,12,9418.3,4,2793.41,4,2793.41
12,2,1427132367,0,0,8621.91,11369.2,1,432.853,1,432.853,1,432.853,1,432.853,1,432.853,1,432.853,1,432.853,1,432.853,1,432.853,1,432.853,1,432.853,1,432.853
12,3,1427132367,3,0,8621.91,11369.2,10,6944.48,6,5242.81,4,3228.86,12,11320.8,3,2533.58,10,6993.73,12,10782.5,4,3238.8,4,3238.8,6,4477.25,6,4326.17,6,4326.17
12,4,1427132367,10,0,8621.91,11369.2,5,3536.94,9,8327.25,11,8329.13,5,3917.33,11,8935.4,2,1246.16,6,5193.3,11,8339.07,11,8873.43,3,2132.41,11,8364.57,11,8364.57
12,5,1427132367,3,0,8621.91,11369.2,10,6944.48,6,5242.81,4,3228.86,12,11320.8,3,2533.58,10,6993.73,12,10782.5,4,3238.8,4,3238.8,6,4477.25,6,4326.17,6,4326.17
12,6,1427132367,5,0,8621.91,11369.2,12,8621.91,8,7246.15,6,4906.29,6,5075.4,6,5512.56,12,8671.16,3,2233.89,6,4916.23,7,5794.83,11,8831.81,8,6003.6,8,6003.6
12,7,1427132367,4,0,8621.91,11369.2,11,7801.14,10,9406.18,5,4085.52,10,9005.36,5,4691.79,11,7850.39,10,8842.7,5,4095.46,5,4095.46,10,8011.04,7,5182.83,7,5182.83
12,8,1427132367,4,0,8621.91,11369.2,11,7801.14,10,9406.18,5,4085.52,10,9005.36,5,4691.79,11,7850.39,10,8842.7,5,4095.46,5,4095.46,10,8011.04,7,5182.83,7,5182.83
12,9,1427132367,4,0,8621.91,11369.2,11,7801.14,10,9406.18,5,4085.52,10,9005.36,5,4691.79,11,7850.39,10,8842.7,5,4095.46,5,4095.46,10,8011.04,7,5182.83,7,5182.83
13,0,1427140840,3,0,7617.96,9595.77,3,1782.55,5,3539.23,4,2237.35,12,8816.74,3,1478.57,3,1782.55,3,1480.78,3,1478.57,4,2237.35,7,3968.72,3,1478.57,3,1478.57
13,1,1427140840,1,0,7617.96,9595.77,2,1278.49,3,2092.74,3,1733.29,10,7360.36,4,2319.65,2,1278.49,8,4917.14,5,3098.65,3,1733.29,6,3464.66,5,3098.65,7,4470.47
13,2,1427140840,3,0,7617.96,9595.77,3,1782.55,5,3539.23,4,2237.35,12,8816.74,3,1478.57,3,1782.55,3,1480.78,3,1478.57,4,2237.35,7,3968.72,3,1478.57,3,1478.57
13,3,1427140840,2,0,7617.96,9595.77,6,3524.16,8,5583.24,2,870.125,13,9350.66,2,870.125,9,5122,5,2474.63,2,870.125,2,870.125,2,870.125,2,870.125,2,870.125
13,4,1427140840,1,0,7617.96,9595.77,2,1278.49,3,2092.74,3,1733.29,10,7360.36,4,2319.65,2,1278.49,8,4917.14,5,3098.65,3,1733.29,6,3464.66,5,3098.65,7,4470.47
13,5,1427140840,3,0,7617.96,9595.77,3,1782.55,5,3539.23,4,2237.35,12,8816.74,3,1478.57,3,1782.55,3,1480.78,3,1478.57,4,2237.35,7,3968.72,3,1478.57,3,1478.57
13,6,1427140840,7,0,7617.96,9595.77,10,5946.93,4,2895.03,8,5021.67,9,6404.09,8,5111.31,7,4316.73,9,5719.43,8,5110.48,6,3827.9,5,2508.39,8,5108.9,9,5645.47
13,7,1427140840,5,0,7617.96,9595.77,13,7617.96,9,6357.93,7,4173.51,11,8103.76,6,3842.89,13,7731.13,13,8771.84,6,3842.06,7,4534.22,12,6947.74,7,4260.73,5,2651.41
13,8,1427140840,3,0,7617.96,9595.77,3,1782.55,5,3539.23,4,2237.35,12,8816.74,3,1478.57,3,1782.55,3,1480.78,3,1478.57,4,2237.35,7,3968.72,3,1478.57,3,1478.57
13,9,1427140840,6,0,7617.96,9595.77,12,7083.13,11,7958.96,6,3638.67,6,4066.81,7,4303.42,12,7196.3,10,6311.18,7,4302.59,8,4994.76,11,6412.91,6,3725.9,4,2116.57
